Year,Month,Q(m3/s),,,,,,,,,,
1949,1,2341.0,,,,,,,,,,
1949,2,3183.0,,,,,,,,,,
1949,3,4283.0,,,,,,,,,,
1949,4,6336.0,,,,,,,,,,
1949,5,13814.0,,,,,,,,,,
1949,6,11572.0,,,,,,,,,,
1949,7,5426.0,,,,,,,,,,
1949,8,3601.0,,,,,,,,,,
1949,9,2687.0,,,,,,,,,,
1949,10,2449.0,,,,,,,,,,
1949,11,2476.0,,,,,,,,,,
1949,12,2824.0,,,,,,,,,,
1950,1,2770.0,,,,,,,,,,
1950,2,3625.0,,,,,,,,,,
1950,3,4560.0,,,,,,,,,,
1950,4,6083.0,,,,,,,,,,
1950,5,9460.0,,,,,,,,,,
1950,6,16791.0,,,,,,,,,,
1950,7,13796.0,,,,,,,,,,
1950,8,5437.0,,,,,,,,,,
1950,9,3411.0,,,,,,,,,,
1950,10,3090.0,,,,,,,,,,
1950,11,3804.0,,,,,,,,,,
1950,12,4031.0,,,,,,,,,,
1951,1,4381.0,,,,,,,,,,
1951,2,5530.0,,,,,,,,,,
1951,3,4709.0,,,,,,,,,,
1951,4,7168.0,,,,,,,,,,
1951,5,13264.0,,,,,,,,,,
1951,6,12982.0,,,,,,,,,,
1951,7,9765.0,,,,,,,,,,
1951,8,5080.0,,,,,,,,,,
1951,9,3106.0,,,,,,,,,,
1951,10,3449.0,,,,,,,,,,
1951,11,3162.0,,,,,,,,,,
1951,12,3271.0,,,,,,,,,,
1952,1,3376.0,,,,,,,,,,
1952,2,3716.0,,,,,,,,,,
1952,3,4203.0,,,,,,,,,,
1952,4,7216.0,,,,,,,,,,
1952,5,13145.0,,,,,,,,,,
1952,6,11504.0,,,,,,,,,, 
1952,7,7508.0,,,,,,,,,, 
1952,8,4024.0,,,,,,,,,,
1952,9,2719.0,,,,,,,,,,
1952,10,2435.0,,,,,,,,,,
1952,11,2403.0,,,,,,,,,,
1952,12,2287.0,,,,,,,,,,
1953,1,3178.0,,,,,,,,,,
1953,2,3959.0,,,,,,,,,,
1953,3,3896.0,,,,,,,,,,
1953,4,4411.0,,,,,,,,,,
1953,5,7135.0,,,,,,,,,,
1953,6,14440.0,,,,,,,,,,
1953,7,9064.0,,,,,,,,,,
1953,8,4402.0,,,,,,,,,,
1953,9,3363.0,,,,,,,,,,
1953,10,2856.0,,,,,,,,,,
1953,11,2896.0,,,,,,,,,,
1953,12,2943.0,,,,,,,,,,
1954,1,3183.0,,,,,,,,,,
1954,2,3531.0,,,,,,,,,,
1954,3,3734.0,,,,,,,,,,
1954,4,4505.0,,,,,,,,,,
1954,5,10665.0,,,,,,,,,,
1954,6,14238.0,,,,,,,,,,
1954,7,11935.0,,,,,,,,,,
1954,8,6099.0,,,,,,,,,,
1954,9,4303.0,,,,,,,,,,
1954,10,3104.0,,,,,,,,,,
1954,11,3194.0,,,,,,,,,,
1954,12,2923.0,,,,,,,,,,
1955,1,2893.0,,,,,,,,,,
1955,2,3071.0,,,,,,,,,,
1955,3,3360.0,,,,,,,,,,
1955,4,4036.0,,,,,,,,,,
1955,5,5680.0,,,,,,,,,,
1955,6,12689.0,,,,,,,,,,
1955,7,11424.0,,,,,,,,,,
1955,8,5133.0,,,,,,,,,,
1955,9,3213.0,,,,,,,,,,
1955,10,2926.0,,,,,,,,,,
1955,11,3534.0,,,,,,,,,,
1955,12,4331.0,,,,,,,,,,
1956,1,4359.0,,,,,,,,,,
1956,2,3660.0,,,,,,,,,,
1956,3,4753.0,,,,,,,,,,
1956,4,9628.0,,,,,,,,,,
1956,5,15010.0,,,,,,,,,,
1956,6,18100.0,,,,,,,,,,
1956,7,8667.0,,,,,,,,,,
1956,8,4494.0,,,,,,,,,,
1956,9,3268.0,,,,,,,,,,
1956,10,3097.0,,,,,,,,,,
1956,11,3097.0,,,,,,,,,,
1956,12,3199.0,,,,,,,,,,
1957,1,3188.0,,,,,,,,,,
1957,2,3407.0,,,,,,,,,,
1957,3,4232.0,,,,,,,,,,
1957,4,5349.0,,,,,,,,,,
1957,5,14662.0,,,,,,,,,,
1957,6,13578.0,,,,,,,,,,
1957,7,5757.0,,,,,,,,,,
1957,8,3565.0,,,,,,,,,,
1957,9,2725.0,,,,,,,,,,
1957,10,2819.0,,,,,,,,,,
1957,11,2700.0,,,,,,,,,,
1957,12,2737.0,,,,,,,,,,
1958,1,2831.0,,,,,,,,,,
1958,2,4218.0,,,,,,,,,,
1958,3,4308.0,,,,,,,,,,
1958,4,5954.0,,,,,,,,,,
1958,5,11201.0,,,,,,,,,,
1958,6,12841.0,,,,,,,,,,
1958,7,5699.0,,,,,,,,,,
1958,8,3417.0,,,,,,,,,,
1958,9,2734.0,,,,,,,,,,
1958,10,2812.0,,,,,,,,,,
1958,11,3113.0,,,,,,,,,,
1958,12,3647.0,,,,,,,,,,
1959,1,4154.0,,,,,,,,,,
1959,2,4098.0,,,,,,,,,,
1959,3,4514.0,,,,,,,,,,
1959,4,5928.0,,,,,,,,,,
1959,5,9885.0,,,,,,,,,,
1959,6,14486.0,,,,,,,,,,
1959,7,10179.0,,,,,,,,,,
1959,8,4708.0,,,,,,,,,,
1959,9,4324.0,,,,,,,,,,
1959,10,4951.0,,,,,,,,,,
1959,11,4608.0,,,,,,,,,,
1959,12,4051.0,,,,,,,,,,
1960,1,3324.0,,,,,,,,,,
1960,2,3547.0,,,,,,,,,,
1960,3,3752.0,,,,,,,,,,
1960,4,7403.0,,,,,,,,,,
1960,5,8476.0,,,,,,,,,,
1960,6,10936.0,,,,,,,,,,
1960,7,8142.0,,,,,,,,,,
1960,8,4287.0,,,,,,,,,,
1960,9,2902.0,,,,,,,,,,
1960,10,2735.0,,,,,,,,,,
1960,11,2988.0,,,,,,,,,,
1960,12,2686.0,,,,,,,,,,
1961,1,2856.0,,,,,,,,,,
1961,2,4683.0,,,,,,,,,,
1961,3,4620.0,,,,,,,,,,
1961,4,4928.0,,,,,,,,,,
1961,5,9496.0,,,,,,,,,,
1961,6,16740.0,,,,,,,,,,
1961,7,6504.0,,,,,,,,,,
1961,8,3488.0,,,,,,,,,,
1961,9,2643.0,,,,,,,,,,
1961,10,2626.0,,,,,,,,,,
1961,11,2603.0,,,,,,,,,,
1961,12,2527.0,,,,,,,,,,
1962,1,3091.0,,,,,,,,,,
1962,2,3634.0,,,,,,,,,,
1962,3,3179.0,,,,,,,,,,
1962,4,6115.0,,,,,,,,,,
1962,5,8642.0,,,,,,,,,,
1962,6,11196.0,,,,,,,,,,
1962,7,6744.0,,,,,,,,,,
1962,8,4425.0,,,,,,,,,,
1962,9,2760.0,,,,,,,,,,
1962,10,3075.0,,,,,,,,,,
1962,11,3278.0,,,,,,,,,,
1962,12,3897.0,,,,,,,,,,
1963,1,3590.0,,,,,,,,,,
1963,2,4634.0,,,,,,,,,,
1963,3,3675.0,,,,,,,,,,
1963,4,4743.0,,,,,,,,,,
1963,5,7350.0,,,,,,,,,,
1963,6,11122.0,,,,,,,,,,
1963,7,7085.0,,,,,,,,,,
1963,8,3935.0,,,,,,,,,,
1963,9,2842.0,,,,,,,,,,
1963,10,2597.0,,,,,,,,,,
1963,11,2569.0,,,,,,,,,,
1963,12,2693.0,,,,,,,,,,
1964,1,2638.0,,,,,,,,,,
1964,2,3054.0,,,,,,,,,,
1964,3,2981.0,,,,,,,,,,
1964,4,3936.0,,,,,,,,,,
1964,5,8185.0,,,,,,,,,,
1964,6,16335.0,,,,,,,,,,
1964,7,10043.0,,,,,,,,,,
1964,8,4598.0,,,,,,,,,,
1964,9,2987.0,,,,,,,,,,
1964,10,3427.0,,,,,,,,,,
1964,11,3050.0,,,,,,,,,,
1964,12,4698.0,,,,,,,,,,
1965,1,4893.0,,,,,,,,,,
1965,2,6643.0,,,,,,,,,,
1965,3,5225.0,,,,,,,,,,
1965,4,6938.0,,,,,,,,,,
1965,5,11407.0,,,,,,,,,,
1965,6,13767.0,,,,,,,,,,
1965,7,8280.0,,,,,,,,,,
1965,8,4752.0,,,,,,,,,,
1965,9,3275.0,,,,,,,,,,
1965,10,3041.0,,,,,,,,,,
1965,11,3044.0,,,,,,,,,,
1965,12,3237.0,,,,,,,,,,
1966,1,3324.0,,,,,,,,,,
1966,2,3454.0,,,,,,,,,,
1966,3,3676.0,,,,,,,,,,
1966,4,4243.0,,,,,,,,,,
1966,5,7417.0,,,,,,,,,,
1966,6,9540.0,,,,,,,,,,
1966,7,7366.0,,,,,,,,,,
1966,8,3849.0,,,,,,,,,,
1966,9,2802.0,,,,,,,,,,
1966,10,2734.0,,,,,,,,,,
1966,11,2814.0,,,,,,,,,,
1966,12,3294.0,,,,,,,,,,
1967,1,3580.0,,,,,,,,,,
1967,2,3714.0,,,,,,,,,,
1967,3,3858.0,,,,,,,,,,
1967,4,4140.0,,,,,,,,,,
1967,5,7191.0,,,,,,,,,,
1967,6,16373.0,,,,,,,,,,
1967,7,9841.0,,,,,,,,,,
1967,8,4386.0,,,,,,,,,,
1967,9,3073.0,,,,,,,,,,
1967,10,3059.0,,,,,,,,,,
1967,11,3223.0,,,,,,,,,,
1967,12,3752.0,,,,,,,,,,
1968,1,3533.0,,,,,,,,,,
1968,2,4217.0,,,,,,,,,,
1968,3,4698.0,,,,,,,,,,
1968,4,3466.0,,,,,,,,,,
1968,5,5545.0,,,,,,,,,,
1968,6,10125.0,,,,,,,,,,
1968,7,7272.0,,,,,,,,,,
1968,8,3952.0,,,,,,,,,,
1968,9,3489.0,,,,,,,,,,
1968,10,3330.0,,,,,,,,,,
1968,11,3659.0,,,,,,,,,,
1968,12,4031.0,,,,,,,,,,
1969,1,4985.0,,,,,,,,,,
1969,2,4918.0,,,,,,,,,,
1969,3,5295.0,,,,,,,,,,
1969,4,9752.0,,,,,,,,,,
1969,5,11342.0,,,,,,,,,,
1969,6,9602.0,,,,,,,,,,
1969,7,6699.0,,,,,,,,,,
1969,8,3472.0,,,,,,,,,,
1969,9,2858.0,,,,,,,,,,
1969,10,3256.0,,,,,,,,,,
1969,11,3480.0,,,,,,,,,,
1969,12,3601.0,,,,,,,,,,
1970,1,4489.0,,,,,,,,,,
1970,2,4141.0,,,,,,,,,,
1970,3,4187.0,,,,,,,,,,
1970,4,4273.0,,,,,,,,,,
1970,5,7578.0,,,,,,,,,,
1970,6,9701.0,,,,,,,,,,
1970,7,5154.0,,,,,,,,,,
1970,8,3631.0,,,,,,,,,,
1970,9,3082.0,,,,,,,,,,
1970,10,3217.0,,,,,,,,,,
1970,11,3364.0,,,,,,,,,,
1970,12,3629.0,,,,,,,,,,
1971,1,4477.0,,,,,,,,,,
1971,2,5509.0,,,,,,,,,,
1971,3,6120.0,,,,,,,,,,
1971,4,7193.0,,,,,,,,,,
1971,5,13792.0,,,,,,,,,,
1971,6,13899.0,,,,,,,,,,
1971,7,8068.0,,,,,,,,,,
1971,8,4569.0,,,,,,,,,,
1971,9,3062.0,,,,,,,,,,
1971,10,3288.0,,,,,,,,,,
1971,11,3618.0,,,,,,,,,,
1971,12,4138.0,,,,,,,,,,
1972,1,4432.0,,,,,,,,,,
1972,2,5322.0,,,,,,,,,,
1972,3,9360.0,,,,,,,,,,
1972,4,8242.0,,,,,,,,,,
1972,5,11394.0,,,,,,,,,,
1972,6,16125.0,,,,,,,,,,
1972,7,8347.0,,,,,,,,,,
1972,8,5120.0,,,,,,,,,,
1972,9,3606.0,,,,,,,,,,
1972,10,3427.0,,,,,,,,,,
1972,11,3587.0,,,,,,,,,,
1972,12,4339.0,,,,,,,,,,
1973,1,4262.0,,,,,,,,,,
1973,2,3903.0,,,,,,,,,,
1973,3,4225.0,,,,,,,,,,
1973,4,3962.0,,,,,,,,,,
1973,5,4205.0,,,,,,,,,,
1973,6,4069.0,,,,,,,,,,
1973,7,3756.0,,,,,,,,,,
1973,8,3628.0,,,,,,,,,,
1973,9,2877.0,,,,,,,,,,
1973,10,3154.0,,,,,,,,,,
1973,11,3365.0,,,,,,,,,,
1973,12,4763.0,,,,,,,,,,
1974,1,7154.0,,,,,,,,,,
1974,2,6708.0,,,,,,,,,,
1974,3,6431.0,,,,,,,,,,
1974,4,8770.0,,,,,,,,,,
1974,5,9977.0,,,,,,,,,,
1974,6,13629.0,,,,,,,,,,
1974,7,8363.0,,,,,,,,,,
1974,8,4748.0,,,,,,,,,,
1974,9,3815.0,,,,,,,,,,
1974,10,3686.0,,,,,,,,,,
1974,11,3731.0,,,,,,,,,,
1974,12,3859.0,,,,,,,,,,
1975,1,4526.0,,,,,,,,,,
1975,2,5075.0,,,,,,,,,,
1975,3,6154.0,,,,,,,,,,
1975,4,5955.0,,,,,,,,,,
1975,5,8748.0,,,,,,,,,,
1975,6,9301.0,,,,,,,,,,
1975,7,5686.0,,,,,,,,,,
1975,8,3711.0,,,,,,,,,,
1975,9,3132.0,,,,,,,,,,
1975,10,3340.0,,,,,,,,,,
1975,11,4209.0,,,,,,,,,,
1975,12,5644.0,,,,,,,,,,
