1981	1	1	1.5
1981	1	2	0
1981	1	3	0
1981	1	4	0.4
1981	1	5	0
1981	1	6	1
1981	1	7	1.9
1981	1	8	0.6
1981	1	9	3.7
1981	1	10	0
1981	1	11	0
1981	1	12	0
1981	1	13	0
1981	1	14	12.2
1981	1	15	1.7
1981	1	16	0.6
1981	1	17	0.9
1981	1	18	0.6
1981	1	19	0.4
1981	1	20	0.2
1981	1	21	1.4
1981	1	22	3.2
1981	1	23	0
1981	1	24	0.2
1981	1	25	1.2
1981	1	26	0
1981	1	27	0
1981	1	28	0
1981	1	29	0
1981	1	30	0.2
1981	1	31	0.2
1981	2	1	0
1981	2	2	0
1981	2	3	0.1
1981	2	4	3.8
1981	2	5	0
1981	2	6	9.2
1981	2	7	1.1
1981	2	8	1.7
1981	2	9	0
1981	2	10	0
1981	2	11	0
1981	2	12	0.4
1981	2	13	0
1981	2	14	1.6
1981	2	15	0
1981	2	16	1.2
1981	2	17	0
1981	2	18	0.6
1981	2	19	0.2
1981	2	20	2.5
1981	2	21	1.4
1981	2	22	0
1981	2	23	0
1981	2	24	1
1981	2	25	0.4
1981	2	26	1
1981	2	27	0
1981	2	28	0
1981	3	1	0
1981	3	2	0
1981	3	3	0
1981	3	4	1.6
1981	3	5	5.6
1981	3	6	5
1981	3	7	13.9
1981	3	8	4.6
1981	3	9	0.2
1981	3	10	0
1981	3	11	0
1981	3	12	2.9
1981	3	13	2.5
1981	3	14	0.2
1981	3	15	0
1981	3	16	0
1981	3	17	0
1981	3	18	0
1981	3	19	9.9
1981	3	20	0
1981	3	21	7.2
1981	3	22	0.5
1981	3	23	0
1981	3	24	7.2
1981	3	25	0.5
1981	3	26	0
1981	3	27	0
1981	3	28	0
1981	3	29	0
1981	3	30	0
1981	3	31	0
1981	4	1	0
1981	4	2	0
1981	4	3	0
1981	4	4	0
1981	4	5	0
1981	4	6	0
1981	4	7	0
1981	4	8	0
1981	4	9	0
1981	4	10	0
1981	4	11	0
1981	4	12	0
1981	4	13	0
1981	4	14	0
1981	4	15	0.1
1981	4	16	0
1981	4	17	0
1981	4	18	0.9
1981	4	19	0
1981	4	20	0
1981	4	21	0.2
1981	4	22	0.2
1981	4	23	0
1981	4	24	0
1981	4	25	0
1981	4	26	0
1981	4	27	3.2
1981	4	28	0.2
1981	4	29	0
1981	4	30	17.4
1981	5	1	10.7
1981	5	2	2.7
1981	5	3	0
1981	5	4	0
1981	5	5	0
1981	5	6	0
1981	5	7	0
1981	5	8	0
1981	5	9	0
1981	5	10	0
1981	5	11	0
1981	5	12	0
1981	5	13	0
1981	5	14	0
1981	5	15	0
1981	5	16	0
1981	5	17	0
1981	5	18	0
1981	5	19	0
1981	5	20	0
1981	5	21	0
1981	5	22	0
1981	5	23	0
1981	5	24	0
1981	5	25	6.9
1981	5	26	0
1981	5	27	2.2
1981	5	28	0
1981	5	29	0
1981	5	30	0
1981	5	31	0
1981	6	1	0
1981	6	2	0
1981	6	3	0
1981	6	4	1.2
1981	6	5	0
1981	6	6	0
1981	6	7	6.4
1981	6	8	1.2
1981	6	9	0
1981	6	10	3.1
1981	6	11	0
1981	6	12	37.2
1981	6	13	0
1981	6	14	0
1981	6	15	0.6
1981	6	16	1.1
1981	6	17	0
1981	6	18	0
1981	6	19	0.5
1981	6	20	0
1981	6	21	6.4
1981	6	22	0
1981	6	23	0
1981	6	24	1.4
1981	6	25	2.6
1981	6	26	9.9
1981	6	27	0
1981	6	28	2.5
1981	6	29	0.9
1981	6	30	23.4
1981	7	1	14.8
1981	7	2	0
1981	7	3	5
1981	7	4	0
1981	7	5	0
1981	7	6	0
1981	7	7	0
1981	7	8	0
1981	7	9	0
1981	7	10	0
1981	7	11	0
1981	7	12	0.4
1981	7	13	17.4
1981	7	14	0
1981	7	15	0.9
1981	7	16	9.4
1981	7	17	4.1
1981	7	18	0.4
1981	7	19	0.6
1981	7	20	0
1981	7	21	0.2
1981	7	22	0.4
1981	7	23	0
1981	7	24	0
1981	7	25	10.4
1981	7	26	1.1
1981	7	27	0
1981	7	28	0.1
1981	7	29	1.7
1981	7	30	12.9
1981	7	31	0
1981	8	1	0
1981	8	2	0
1981	8	3	0
1981	8	4	0
1981	8	5	0
1981	8	6	0
1981	8	7	19.7
1981	8	8	0
1981	8	9	0
1981	8	10	0.4
1981	8	11	0
1981	8	12	0
1981	8	13	4.7
1981	8	14	0
1981	8	15	0
1981	8	16	56.3
1981	8	17	3.1
1981	8	18	0.6
1981	8	19	0
1981	8	20	5.5
1981	8	21	40.7
1981	8	22	14.4
1981	8	23	3.7
1981	8	24	0
1981	8	25	1.6
1981	8	26	5.5
1981	8	27	1.2
1981	8	28	3.3
1981	8	29	0.4
1981	8	30	1.2
1981	8	31	0.2
1981	9	1	0.4
1981	9	2	0
1981	9	3	0
1981	9	4	0
1981	9	5	0
1981	9	6	0
1981	9	7	0
1981	9	8	0
1981	9	9	0
1981	9	10	0
1981	9	11	0
1981	9	12	0
1981	9	13	0
1981	9	14	0
1981	9	15	0.1
1981	9	16	0
1981	9	17	0
1981	9	18	0
1981	9	19	0.1
1981	9	20	1.6
1981	9	21	4.2
1981	9	22	0
1981	9	23	0
1981	9	24	0
1981	9	25	0
1981	9	26	0
1981	9	27	0
1981	9	28	0
1981	9	29	6.2
1981	9	30	0
1981	10	1	0
1981	10	2	0
1981	10	3	4.2
1981	10	4	7.7
1981	10	5	0
1981	10	6	0
1981	10	7	4.5
1981	10	8	1
1981	10	9	0
1981	10	10	15.9
1981	10	11	0
1981	10	12	0
1981	10	13	0
1981	10	14	0
1981	10	15	0
1981	10	16	1.2
1981	10	17	0
1981	10	18	0
1981	10	19	12.3
1981	10	20	20.1
1981	10	21	4
1981	10	22	0
1981	10	23	4.1
1981	10	24	0
1981	10	25	1.5
1981	10	26	2
1981	10	27	0
1981	10	28	12.2
1981	10	29	3.8
1981	10	30	7.2
1981	10	31	19.8
1981	11	1	0
1981	11	2	6.1
1981	11	3	0.5
1981	11	4	4.7
1981	11	5	1.5
1981	11	6	6.3
1981	11	7	4.8
1981	11	8	7.4
1981	11	9	0
1981	11	10	0
1981	11	11	9.4
1981	11	12	0
1981	11	13	0
1981	11	14	2.7
1981	11	15	0
1981	11	16	0
1981	11	17	2.5
1981	11	18	22.1
1981	11	19	0.2
1981	11	20	17
1981	11	21	0.2
1981	11	22	3.7
1981	11	23	15
1981	11	24	8.7
1981	11	25	0.6
1981	11	26	0
1981	11	27	10
1981	11	28	8.1
1981	11	29	0
1981	11	30	12.6
1981	12	1	3.7
1981	12	2	0
1981	12	3	2
1981	12	4	0
1981	12	5	0
1981	12	6	0
1981	12	7	13.8
1981	12	8	10.4
1981	12	9	3.5
1981	12	10	9.9
1981	12	11	1.6
1981	12	12	0
1981	12	13	0
1981	12	14	0
1981	12	15	0
1981	12	16	0
1981	12	17	0
1981	12	18	0.6
1981	12	19	3
1981	12	20	5.3
1981	12	21	3.3
1981	12	22	1.6
1981	12	23	0
1981	12	24	4
1981	12	25	4
1981	12	26	1
1981	12	27	10
1981	12	28	1.9
1981	12	29	11.2
1981	12	30	18
1981	12	31	0
1982	1	1	1.2
1982	1	2	2.9
1982	1	3	12.4
1982	1	4	0.7
1982	1	5	0.6
1982	1	6	0.7
1982	1	7	0.5
1982	1	8	0
1982	1	9	0
1982	1	10	0
1982	1	11	0
1982	1	12	0
1982	1	13	0
1982	1	14	0
1982	1	15	0
1982	1	16	0
1982	1	17	0
1982	1	18	0
1982	1	19	0
1982	1	20	0
1982	1	21	0.1
1982	1	22	1.4
1982	1	23	0.2
1982	1	24	0
1982	1	25	11.7
1982	1	26	3.1
1982	1	27	0
1982	1	28	0.1
1982	1	29	2.7
1982	1	30	3.3
1982	1	31	0.2
1982	2	1	0
1982	2	2	0
1982	2	3	0
1982	2	4	0
1982	2	5	0
1982	2	6	17.9
1982	2	7	6.6
1982	2	8	0.5
1982	2	9	2.5
1982	2	10	1.1
1982	2	11	0
1982	2	12	0.2
1982	2	13	0
1982	2	14	0
1982	2	15	0
1982	2	16	0
1982	2	17	0.1
1982	2	18	0
1982	2	19	0
1982	2	20	0
1982	2	21	0
1982	2	22	0
1982	2	23	0
1982	2	24	0
1982	2	25	0
1982	2	26	0
1982	2	27	0.4
1982	2	28	1
1982	3	1	1.7
1982	3	2	0.1
1982	3	3	10.5
1982	3	4	2.2
1982	3	5	0.6
1982	3	6	0
1982	3	7	0
1982	3	8	0
1982	3	9	0
1982	3	10	0
1982	3	11	7.2
1982	3	12	0
1982	3	13	13.1
1982	3	14	3
1982	3	15	0.4
1982	3	16	6
1982	3	17	8.1
1982	3	18	1.2
1982	3	19	0
1982	3	20	0.2
1982	3	21	0
1982	3	22	0
1982	3	23	0
1982	3	24	0
1982	3	25	0
1982	3	26	0
1982	3	27	0
1982	3	28	0
1982	3	29	0
1982	3	30	0
1982	3	31	0
1982	4	1	0
1982	4	2	0
1982	4	3	0
1982	4	4	0
1982	4	5	0.4
1982	4	6	0
1982	4	7	10.8
1982	4	8	8.7
1982	4	9	4.5
1982	4	10	6.1
1982	4	11	0
1982	4	12	2.9
1982	4	13	0
1982	4	14	0
1982	4	15	0
1982	4	16	0.6
1982	4	17	0
1982	4	18	0
1982	4	19	0
1982	4	20	0
1982	4	21	0
1982	4	22	0
1982	4	23	0.2
1982	4	24	0
1982	4	25	0
1982	4	26	0
1982	4	27	1.6
1982	4	28	4.7
1982	4	29	5.1
1982	4	30	4.3
1982	5	1	6.4
1982	5	2	0
1982	5	3	6.1
1982	5	4	2.9
1982	5	5	1.9
1982	5	6	0
1982	5	7	9.8
1982	5	8	1
1982	5	9	0
1982	5	10	0
1982	5	11	0
1982	5	12	0
1982	5	13	0
1982	5	14	0
1982	5	15	0
1982	5	16	0
1982	5	17	8.8
1982	5	18	0
1982	5	19	1.4
1982	5	20	0
1982	5	21	136.6
1982	5	22	0
1982	5	23	5.6
1982	5	24	6.4
1982	5	25	0
1982	5	26	0
1982	5	27	3.7
1982	5	28	1.2
1982	5	29	0
1982	5	30	0
1982	5	31	0
1982	6	1	0
1982	6	2	0
1982	6	3	0
1982	6	4	0.6
1982	6	5	1.4
1982	6	6	0
1982	6	7	0
1982	6	8	0.2
1982	6	9	0
1982	6	10	0
1982	6	11	1.5
1982	6	12	4.6
1982	6	13	0
1982	6	14	0
1982	6	15	0
1982	6	16	0
1982	6	17	0
1982	6	18	0
1982	6	19	0
1982	6	20	4.8
1982	6	21	2.9
1982	6	22	0
1982	6	23	0
1982	6	24	0.9
1982	6	25	0
1982	6	26	0
1982	6	27	0
1982	6	28	0
1982	6	29	10
1982	6	30	10.5
1982	7	1	1.7
1982	7	2	0.4
1982	7	3	24.1
1982	7	4	3.6
1982	7	5	0
1982	7	6	2
1982	7	7	0
1982	7	8	0
1982	7	9	0
1982	7	10	0
1982	7	11	0
1982	7	12	0
1982	7	13	0
1982	7	14	0
1982	7	15	0
1982	7	16	6.2
1982	7	17	0.6
1982	7	18	0
1982	7	19	0
1982	7	20	0
1982	7	21	0
1982	7	22	0
1982	7	23	0
1982	7	24	0
1982	7	25	11.8
1982	7	26	1.1
1982	7	27	0
1982	7	28	0
1982	7	29	0
1982	7	30	0
1982	7	31	0
1982	8	1	0
1982	8	2	0
1982	8	3	0
1982	8	4	0
1982	8	5	1.2
1982	8	6	5.6
1982	8	7	0
1982	8	8	1.4
1982	8	9	1.4
1982	8	10	0.4
1982	8	11	0
1982	8	12	0
1982	8	13	0.5
1982	8	14	11.7
1982	8	15	6.1
1982	8	16	0
1982	8	17	0
1982	8	18	1.5
1982	8	19	5
1982	8	20	4.5
1982	8	21	1
1982	8	22	1
1982	8	23	2.7
1982	8	24	8.9
1982	8	25	2.6
1982	8	26	5.3
1982	8	27	12.4
1982	8	28	0
1982	8	29	0
1982	8	30	0
1982	8	31	4.2
1982	9	1	3.5
1982	9	2	0
1982	9	3	4.2
1982	9	4	2.5
1982	9	5	0
1982	9	6	0
1982	9	7	9.8
1982	9	8	1.7
1982	9	9	0
1982	9	10	0
1982	9	11	0
1982	9	12	0.1
1982	9	13	0.7
1982	9	14	0.7
1982	9	15	0
1982	9	16	0
1982	9	17	0
1982	9	18	0
1982	9	19	16.2
1982	9	20	3
1982	9	21	0.9
1982	9	22	0.1
1982	9	23	0
1982	9	24	0
1982	9	25	0
1982	9	26	0
1982	9	27	4.7
1982	9	28	0.2
1982	9	29	0
1982	9	30	0
1982	10	1	0
1982	10	2	0
1982	10	3	0
1982	10	4	0
1982	10	5	0
1982	10	6	0
1982	10	7	0.2
1982	10	8	0.7
1982	10	9	0.1
1982	10	10	0
1982	10	11	0.5
1982	10	12	0.4
1982	10	13	0.2
1982	10	14	4.7
1982	10	15	0.4
1982	10	16	0
1982	10	17	0
1982	10	18	0
1982	10	19	8.7
1982	10	20	18.4
1982	10	21	0
1982	10	22	0.4
1982	10	23	1.7
1982	10	24	0.7
1982	10	25	4.2
1982	10	26	2.9
1982	10	27	1.6
1982	10	28	0
1982	10	29	0
1982	10	30	0
1982	10	31	0
1982	11	1	1.6
1982	11	2	0
1982	11	3	0
1982	11	4	0
1982	11	5	0
1982	11	6	0
1982	11	7	0
1982	11	8	0
1982	11	9	1
1982	11	10	1.9
1982	11	11	0
1982	11	12	0
1982	11	13	0.6
1982	11	14	0
1982	11	15	0
1982	11	16	6.7
1982	11	17	0
1982	11	18	4.3
1982	11	19	1.1
1982	11	20	2.2
1982	11	21	2.7
1982	11	22	0
1982	11	23	3
1982	11	24	11.5
1982	11	25	8.7
1982	11	26	5
1982	11	27	11.9
1982	11	28	11.8
1982	11	29	0
1982	11	30	0
1982	12	1	0
1982	12	2	0
1982	12	3	0
1982	12	4	0.1
1982	12	5	4.2
1982	12	6	0.2
1982	12	7	0
1982	12	8	2.5
1982	12	9	1.9
1982	12	10	5.8
1982	12	11	5.1
1982	12	12	0.7
1982	12	13	0
1982	12	14	2.2
1982	12	15	14.9
1982	12	16	0.1
1982	12	17	0.1
1982	12	18	0
1982	12	19	3.2
1982	12	20	7.7
1982	12	21	0.2
1982	12	22	0
1982	12	23	0.6
1982	12	24	1.6
1982	12	25	0
1982	12	26	0.9
1982	12	27	0
1982	12	28	0
1982	12	29	0
1982	12	30	0
1982	12	31	0.4
1983	1	1	1.5
1983	1	2	1
1983	1	3	3.5
1983	1	4	16.7
1983	1	5	0.7
1983	1	6	0.1
1983	1	7	0
1983	1	8	0
1983	1	9	1.4
1983	1	10	0
1983	1	11	0
1983	1	12	0.2
1983	1	13	10.3
1983	1	14	0
1983	1	15	1
1983	1	16	0.5
1983	1	17	5.8
1983	1	18	17.1
1983	1	19	0.6
1983	1	20	3
1983	1	21	0
1983	1	22	0.4
1983	1	23	0
1983	1	24	4.7
1983	1	25	0
1983	1	26	0
1983	1	27	0
1983	1	28	2.7
1983	1	29	3.1
1983	1	30	3.2
1983	1	31	0.1
1983	2	1	7.4
1983	2	2	0.5
1983	2	3	0
1983	2	4	0
1983	2	5	0.1
1983	2	6	0
1983	2	7	0
1983	2	8	0
1983	2	9	0
1983	2	10	0
1983	2	11	1.9
1983	2	12	0
1983	2	13	0
1983	2	14	0
1983	2	15	0
1983	2	16	0
1983	2	17	0
1983	2	18	0
1983	2	19	0
1983	2	20	0
1983	2	21	0
1983	2	22	0
1983	2	23	0
1983	2	24	0
1983	2	25	0
1983	2	26	0
1983	2	27	0
1983	2	28	0
1983	3	1	0
1983	3	2	0
1983	3	3	0
1983	3	4	0
1983	3	5	0
1983	3	6	6.9
1983	3	7	0.1
1983	3	8	1.4
1983	3	9	7.2
1983	3	10	9.3
1983	3	11	2.1
1983	3	12	0
1983	3	13	0
1983	3	14	0
1983	3	15	18.5
1983	3	16	0.5
1983	3	17	0
1983	3	18	3
1983	3	19	0
1983	3	20	0
1983	3	21	5.8
1983	3	22	4.7
1983	3	23	1.2
1983	3	24	0
1983	3	25	41.2
1983	3	26	0
1983	3	27	0
1983	3	28	0
1983	3	29	1.5
1983	3	30	1.1
1983	3	31	2.1
1983	4	1	0
1983	4	2	9.1
1983	4	3	4.7
1983	4	4	0
1983	4	5	6.8
1983	4	6	0
1983	4	7	0.5
1983	4	8	2.9
1983	4	9	0.9
1983	4	10	0
1983	4	11	0
1983	4	12	1.7
1983	4	13	0
1983	4	14	0
1983	4	15	0
1983	4	16	0
1983	4	17	0
1983	4	18	0
1983	4	19	0
1983	4	20	0.4
1983	4	21	0
1983	4	22	0
1983	4	23	4
1983	4	24	0
1983	4	25	0.1
1983	4	26	0
1983	4	27	0
1983	4	28	6.6
1983	4	29	0
1983	4	30	8.4
1983	5	1	0.5
1983	5	2	0
1983	5	3	0
1983	5	4	0
1983	5	5	0
1983	5	6	0
1983	5	7	0
1983	5	8	0
1983	5	9	0.6
1983	5	10	0.9
1983	5	11	0
1983	5	12	4.8
1983	5	13	3.5
1983	5	14	0.6
1983	5	15	0
1983	5	16	11.2
1983	5	17	0.2
1983	5	18	0
1983	5	19	0
1983	5	20	6.9
1983	5	21	0
1983	5	22	0
1983	5	23	0
1983	5	24	0
1983	5	25	0
1983	5	26	2.7
1983	5	27	2.2
1983	5	28	0
1983	5	29	0
1983	5	30	1.6
1983	5	31	0
1983	6	1	0
1983	6	2	11.3
1983	6	3	1.2
1983	6	4	19.8
1983	6	5	4.1
1983	6	6	0
1983	6	7	0
1983	6	8	0
1983	6	9	5
1983	6	10	18
1983	6	11	0
1983	6	12	0
1983	6	13	0
1983	6	14	0.2
1983	6	15	0
1983	6	16	1
1983	6	17	0
1983	6	18	0
1983	6	19	0
1983	6	20	0
1983	6	21	0
1983	6	22	0
1983	6	23	0
1983	6	24	17.7
1983	6	25	0
1983	6	26	3.1
1983	6	27	4.6
1983	6	28	7.9
1983	6	29	1.2
1983	6	30	10.2
1983	7	1	4.7
1983	7	2	1.1
1983	7	3	1.5
1983	7	4	0.7
1983	7	5	0
1983	7	6	0
1983	7	7	0
1983	7	8	0
1983	7	9	0
1983	7	10	0
1983	7	11	0
1983	7	12	58.8
1983	7	13	0.4
1983	7	14	0
1983	7	15	0.1
1983	7	16	0.9
1983	7	17	0
1983	7	18	0.2
1983	7	19	0.2
1983	7	20	0
1983	7	21	0
1983	7	22	0
1983	7	23	0
1983	7	24	0
1983	7	25	0
1983	7	26	0
1983	7	27	1.6
1983	7	28	3.7
1983	7	29	6.1
1983	7	30	0
1983	7	31	0
1983	8	1	0
1983	8	2	0.4
1983	8	3	0
1983	8	4	0.4
1983	8	5	0.2
1983	8	6	0
1983	8	7	0
1983	8	8	0
1983	8	9	0
1983	8	10	0
1983	8	11	0
1983	8	12	14.3
1983	8	13	0.2
1983	8	14	0
1983	8	15	2
1983	8	16	1
1983	8	17	4.3
1983	8	18	0
1983	8	19	0
1983	8	20	0
1983	8	21	0
1983	8	22	0
1983	8	23	2.5
1983	8	24	0
1983	8	25	0
1983	8	26	0.1
1983	8	27	0
1983	8	28	0
1983	8	29	0
1983	8	30	0
1983	8	31	0
1983	9	1	0
1983	9	2	0
1983	9	3	2.4
1983	9	4	8.1
1983	9	5	11.4
1983	9	6	0.4
1983	9	7	5.5
1983	9	8	0.5
1983	9	9	12.4
1983	9	10	2.5
1983	9	11	53.3
1983	9	12	0.2
1983	9	13	3.1
1983	9	14	2.5
1983	9	15	11.8
1983	9	16	3.1
1983	9	17	38.2
1983	9	18	0.6
1983	9	19	0
1983	9	20	0.2
1983	9	21	3.3
1983	9	22	4.3
1983	9	23	0.7
1983	9	24	21.8
1983	9	25	0
1983	9	26	0
1983	9	27	1.5
1983	9	28	0
1983	9	29	0
1983	9	30	0
1983	10	1	0
1983	10	2	0
1983	10	3	0
1983	10	4	0.2
1983	10	5	15.4
1983	10	6	0.2
1983	10	7	1.4
1983	10	8	5
1983	10	9	0.7
1983	10	10	9.5
1983	10	11	2.4
1983	10	12	0.1
1983	10	13	1.7
1983	10	14	2.5
1983	10	15	0.4
1983	10	16	2.4
1983	10	17	4.2
1983	10	18	6.1
1983	10	19	3
1983	10	20	0
1983	10	21	0
1983	10	22	0
1983	10	23	0
1983	10	24	0
1983	10	25	3
1983	10	26	0
1983	10	27	0
1983	10	28	0
1983	10	29	0
1983	10	30	0
1983	10	31	0.1
1983	11	1	0
1983	11	2	0
1983	11	3	5.1
1983	11	4	1.1
1983	11	5	1.7
1983	11	6	0
1983	11	7	0
1983	11	8	1.9
1983	11	9	2
1983	11	10	0
1983	11	11	0
1983	11	12	2.4
1983	11	13	0.4
1983	11	14	8.1
1983	11	15	6.4
1983	11	16	0
1983	11	17	0
1983	11	18	0
1983	11	19	0.2
1983	11	20	0
1983	11	21	0.7
1983	11	22	0
1983	11	23	0
1983	11	24	0
1983	11	25	0.5
1983	11	26	5.6
1983	11	27	0
1983	11	28	0
1983	11	29	0
1983	11	30	0
1983	12	1	0
1983	12	2	0.7
1983	12	3	0
1983	12	4	7.4
1983	12	5	0.4
1983	12	6	0
1983	12	7	0
1983	12	8	6.1
1983	12	9	1.5
1983	12	10	0.1
1983	12	11	0
1983	12	12	0
1983	12	13	0.2
1983	12	14	0.6
1983	12	15	0
1983	12	16	0
1983	12	17	4.3
1983	12	18	2.6
1983	12	19	2.5
1983	12	20	13
1983	12	21	7.4
1983	12	22	2
1983	12	23	2.5
1983	12	24	0
1983	12	25	5.6
1983	12	26	4.5
1983	12	27	3.3
1983	12	28	0
1983	12	29	0
1983	12	30	13.1
1983	12	31	0
1984	1	1	0
1984	1	2	0
1984	1	3	10.3
1984	1	4	0
1984	1	5	4.1
1984	1	6	0
1984	1	7	3.5
1984	1	8	9.3
1984	1	9	0
1984	1	10	5.3
1984	1	11	0.1
1984	1	12	0.1
1984	1	13	8.9
1984	1	14	1.5
1984	1	15	1
1984	1	16	0
1984	1	17	5.5
1984	1	18	1.2
1984	1	19	0
1984	1	20	0
1984	1	21	0
1984	1	22	0.2
1984	1	23	1.5
1984	1	24	0
1984	1	25	3
1984	1	26	1.5
1984	1	27	1.4
1984	1	28	5.7
1984	1	29	1.1
1984	1	30	1.4
1984	1	31	5.2
1984	2	1	1.5
1984	2	2	1.9
1984	2	3	5.3
1984	2	4	0.5
1984	2	5	9.1
1984	2	6	4.6
1984	2	7	0.4
1984	2	8	0
1984	2	9	0
1984	2	10	0
1984	2	11	0
1984	2	12	0
1984	2	13	0
1984	2	14	0
1984	2	15	0
1984	2	16	0
1984	2	17	0
1984	2	18	0
1984	2	19	0
1984	2	20	0.1
1984	2	21	1.4
1984	2	22	1.4
1984	2	23	1.9
1984	2	24	0.7
1984	2	25	0
1984	2	26	0
1984	2	27	0
1984	2	28	0
1984	2	29	0
1984	3	1	9.5
1984	3	2	0
1984	3	3	0.2
1984	3	4	0
1984	3	5	0
1984	3	6	0
1984	3	7	0
1984	3	8	0.6
1984	3	9	1.2
1984	3	10	0
1984	3	11	0
1984	3	12	0
1984	3	13	0
1984	3	14	0
1984	3	15	0
1984	3	16	0
1984	3	17	0.1
1984	3	18	0
1984	3	19	0
1984	3	20	0
1984	3	21	0
1984	3	22	0
1984	3	23	0.4
1984	3	24	0.1
1984	3	25	0
1984	3	26	0.9
1984	3	27	14.9
1984	3	28	0.6
1984	3	29	5.7
1984	3	30	0
1984	3	31	0
1984	4	1	0
1984	4	2	0
1984	4	3	1
1984	4	4	5.8
1984	4	5	0
1984	4	6	0
1984	4	7	0
1984	4	8	0
1984	4	9	0
1984	4	10	0
1984	4	11	0
1984	4	12	0.4
1984	4	13	0
1984	4	14	0
1984	4	15	0.2
1984	4	16	0
1984	4	17	0
1984	4	18	0
1984	4	19	2
1984	4	20	0.6
1984	4	21	0.1
1984	4	22	0
1984	4	23	0
1984	4	24	0
1984	4	25	0.6
1984	4	26	0
1984	4	27	0
1984	4	28	0
1984	4	29	0
1984	4	30	0
1984	5	1	0
1984	5	2	0
1984	5	3	10.5
1984	5	4	0
1984	5	5	0
1984	5	6	0
1984	5	7	0.1
1984	5	8	0
1984	5	9	0
1984	5	10	0
1984	5	11	0
1984	5	12	0
1984	5	13	0
1984	5	14	0
1984	5	15	1.2
1984	5	16	4.2
1984	5	17	0
1984	5	18	0
1984	5	19	0.9
1984	5	20	0
1984	5	21	0
1984	5	22	0
1984	5	23	5.7
1984	5	24	2
1984	5	25	0.1
1984	5	26	0.7
1984	5	27	0.1
1984	5	28	0
1984	5	29	3.3
1984	5	30	0
1984	5	31	0
1984	6	1	0
1984	6	2	1.5
1984	6	3	0
1984	6	4	0.2
1984	6	5	0
1984	6	6	0
1984	6	7	0
1984	6	8	0
1984	6	9	0
1984	6	10	0
1984	6	11	0
1984	6	12	0
1984	6	13	9.5
1984	6	14	15.4
1984	6	15	0
1984	6	16	0
1984	6	17	10.9
1984	6	18	0.2
1984	6	19	0.4
1984	6	20	0
1984	6	21	7.8
1984	6	22	1.6
1984	6	23	16.2
1984	6	24	12.4
1984	6	25	0.4
1984	6	26	0.1
1984	6	27	5.5
1984	6	28	12.8
1984	6	29	0.4
1984	6	30	1.6
1984	7	1	2.2
1984	7	2	0
1984	7	3	0
1984	7	4	0
1984	7	5	0.1
1984	7	6	0
1984	7	7	0
1984	7	8	0
1984	7	9	0
1984	7	10	0
1984	7	11	0
1984	7	12	1.9
1984	7	13	0.7
1984	7	14	0.7
1984	7	15	10
1984	7	16	0
1984	7	17	8.3
1984	7	18	4.8
1984	7	19	0.7
1984	7	20	4.1
1984	7	21	11.7
1984	7	22	0.7
1984	7	23	0.1
1984	7	24	0
1984	7	25	7.7
1984	7	26	2
1984	7	27	1.5
1984	7	28	0.2
1984	7	29	10
1984	7	30	0
1984	7	31	0
1984	8	1	0
1984	8	2	0
1984	8	3	0
1984	8	4	2.4
1984	8	5	1.4
1984	8	6	7.4
1984	8	7	0
1984	8	8	0
1984	8	9	14.9
1984	8	10	0
1984	8	11	0.4
1984	8	12	0.2
1984	8	13	0.2
1984	8	14	0.9
1984	8	15	0
1984	8	16	3.3
1984	8	17	0
1984	8	18	0
1984	8	19	0
1984	8	20	0
1984	8	21	0
1984	8	22	0
1984	8	23	0
1984	8	24	1.6
1984	8	25	0
1984	8	26	0
1984	8	27	0
1984	8	28	0
1984	8	29	15.5
1984	8	30	1.7
1984	8	31	1.2
1984	9	1	1.2
1984	9	2	0.7
1984	9	3	2.5
1984	9	4	0.2
1984	9	5	0.2
1984	9	6	0
1984	9	7	0
1984	9	8	2.2
1984	9	9	0.7
1984	9	10	8.7
1984	9	11	4.8
1984	9	12	8.3
1984	9	13	4.6
1984	9	14	2.1
1984	9	15	0
1984	9	16	0.1
1984	9	17	0
1984	9	18	4.5
1984	9	19	14.5
1984	9	20	22.8
1984	9	21	0
1984	9	22	21.1
1984	9	23	7.2
1984	9	24	6.6
1984	9	25	13.9
1984	9	26	10.9
1984	9	27	3
1984	9	28	1.7
1984	9	29	0
1984	9	30	2.5
1984	10	1	3.3
1984	10	2	5
1984	10	3	0.4
1984	10	4	3.1
1984	10	5	1.2
1984	10	6	8.4
1984	10	7	0.7
1984	10	8	5.5
1984	10	9	0.4
1984	10	10	0
1984	10	11	0
1984	10	12	0
1984	10	13	5.6
1984	10	14	0.9
1984	10	15	0.4
1984	10	16	0.2
1984	10	17	0
1984	10	18	9.9
1984	10	19	1.6
1984	10	20	2.6
1984	10	21	6.9
1984	10	22	0
1984	10	23	17.6
1984	10	24	1.7
1984	10	25	21.9
1984	10	26	2.6
1984	10	27	0
1984	10	28	0
1984	10	29	2.2
1984	10	30	3.5
1984	10	31	8.4
1984	11	1	0
1984	11	2	0
1984	11	3	0
1984	11	4	0.6
1984	11	5	0
1984	11	6	0
1984	11	7	19
1984	11	8	1.1
1984	11	9	0
1984	11	10	0
1984	11	11	0
1984	11	12	0
1984	11	13	0
1984	11	14	0
1984	11	15	0
1984	11	16	0
1984	11	17	0
1984	11	18	0
1984	11	19	7.4
1984	11	20	2.9
1984	11	21	1.7
1984	11	22	0.9
1984	11	23	6.8
1984	11	24	0.2
1984	11	25	7.3
1984	11	26	0.9
1984	11	27	0
1984	11	28	2
1984	11	29	0
1984	11	30	0
1984	12	1	0
1984	12	2	0.9
1984	12	3	0
1984	12	4	0.2
1984	12	5	0
1984	12	6	10.3
1984	12	7	0.1
1984	12	8	0.1
1984	12	9	0.1
1984	12	10	0
1984	12	11	0
1984	12	12	0
1984	12	13	0
1984	12	14	0
1984	12	15	0.4
1984	12	16	1.9
1984	12	17	2.2
1984	12	18	2.9
1984	12	19	2.4
1984	12	20	21.3
1984	12	21	0.9
1984	12	22	0
1984	12	23	3.8
1984	12	24	0.4
1984	12	25	0.1
1984	12	26	0.1
1984	12	27	0
1984	12	28	2.6
1984	12	29	0.7
1984	12	30	0
1984	12	31	0
1985	1	1	0.7
1985	1	2	4.3
1985	1	3	1.6
1985	1	4	0.2
1985	1	5	0.1
1985	1	6	1.2
1985	1	7	0
1985	1	8	0.2
1985	1	9	0.5
1985	1	10	1
1985	1	11	0.2
1985	1	12	0.2
1985	1	13	0
1985	1	14	0
1985	1	15	0
1985	1	16	0
1985	1	17	0
1985	1	18	0
1985	1	19	0.5
1985	1	20	10.5
1985	1	21	2.1
1985	1	22	21.2
1985	1	23	12.6
1985	1	24	3
1985	1	25	0.1
1985	1	26	0
1985	1	27	0.5
1985	1	28	0
1985	1	29	7.8
1985	1	30	1
1985	1	31	13
1985	2	1	0.5
1985	2	2	1.2
1985	2	3	1
1985	2	4	0.2
1985	2	5	14.3
1985	2	6	8.2
1985	2	7	1.5
1985	2	8	1.5
1985	2	9	0
1985	2	10	0
1985	2	11	0
1985	2	12	0
1985	2	13	1.7
1985	2	14	0
1985	2	15	0
1985	2	16	0
1985	2	17	0
1985	2	18	0
1985	2	19	0
1985	2	20	2.4
1985	2	21	0
1985	2	22	0.1
1985	2	23	0.2
1985	2	24	0.7
1985	2	25	0
1985	2	26	0
1985	2	27	0
1985	2	28	3.7
1985	3	1	7.4
1985	3	2	2.4
1985	3	3	1.4
1985	3	4	0
1985	3	5	1.4
1985	3	6	0
1985	3	7	0.6
1985	3	8	1.1
1985	3	9	0
1985	3	10	9.2
1985	3	11	0
1985	3	12	0
1985	3	13	0
1985	3	14	0
1985	3	15	0
1985	3	16	0.1
1985	3	17	0
1985	3	18	0
1985	3	19	0
1985	3	20	0
1985	3	21	0
1985	3	22	0
1985	3	23	0
1985	3	24	0.6
1985	3	25	0.9
1985	3	26	4.8
1985	3	27	7.8
1985	3	28	4.3
1985	3	29	0.1
1985	3	30	0
1985	3	31	0
1985	4	1	0
1985	4	2	8.8
1985	4	3	0
1985	4	4	0
1985	4	5	0
1985	4	6	0
1985	4	7	8.4
1985	4	8	0
1985	4	9	0
1985	4	10	0
1985	4	11	0
1985	4	12	0
1985	4	13	0
1985	4	14	2.6
1985	4	15	12.5
1985	4	16	0
1985	4	17	0
1985	4	18	0
1985	4	19	2.5
1985	4	20	19
1985	4	21	0
1985	4	22	0.1
1985	4	23	0
1985	4	24	5.2
1985	4	25	0
1985	4	26	0
1985	4	27	0.5
1985	4	28	0
1985	4	29	1.2
1985	4	30	7.7
1985	5	1	8.2
1985	5	2	6.2
1985	5	3	1.7
1985	5	4	3.6
1985	5	5	0.2
1985	5	6	0
1985	5	7	0
1985	5	8	0
1985	5	9	0
1985	5	10	2.9
1985	5	11	0
1985	5	12	0
1985	5	13	0
1985	5	14	0
1985	5	15	0
1985	5	16	0
1985	5	17	0
1985	5	18	0
1985	5	19	0
1985	5	20	0
1985	5	21	0
1985	5	22	0
1985	5	23	0
1985	5	24	0
1985	5	25	0.6
1985	5	26	0
1985	5	27	0
1985	5	28	0
1985	5	29	0
1985	5	30	0
1985	5	31	0
1985	6	1	0
1985	6	2	0
1985	6	3	0
1985	6	4	0
1985	6	5	0
1985	6	6	0
1985	6	7	0.7
1985	6	8	11.4
1985	6	9	3.8
1985	6	10	0
1985	6	11	0
1985	6	12	1.1
1985	6	13	0
1985	6	14	0
1985	6	15	1
1985	6	16	0
1985	6	17	0
1985	6	18	0
1985	6	19	0
1985	6	20	0.2
1985	6	21	0
1985	6	22	0
1985	6	23	0
1985	6	24	0
1985	6	25	0
1985	6	26	0
1985	6	27	2
1985	6	28	4.7
1985	6	29	0
1985	6	30	0
1985	7	1	0
1985	7	2	0
1985	7	3	0
1985	7	4	23.2
1985	7	5	0
1985	7	6	0
1985	7	7	0
1985	7	8	0
1985	7	9	0
1985	7	10	0
1985	7	11	0
1985	7	12	0
1985	7	13	0
1985	7	14	0
1985	7	15	6.1
1985	7	16	0
1985	7	17	6.7
1985	7	18	0
1985	7	19	8.1
1985	7	20	15.1
1985	7	21	2.2
1985	7	22	0
1985	7	23	10.3
1985	7	24	12.3
1985	7	25	0
1985	7	26	0
1985	7	27	0
1985	7	28	0
1985	7	29	2.4
1985	7	30	9.5
1985	7	31	7.8
1985	8	1	4.5
1985	8	2	1.7
1985	8	3	0.9
1985	8	4	4.6
1985	8	5	11.7
1985	8	6	0
1985	8	7	0
1985	8	8	0
1985	8	9	0.9
1985	8	10	5
1985	8	11	1.5
1985	8	12	0
1985	8	13	0
1985	8	14	0
1985	8	15	0.9
1985	8	16	0
1985	8	17	0
1985	8	18	0
1985	8	19	8.7
1985	8	20	0.7
1985	8	21	2.2
1985	8	22	0
1985	8	23	5.2
1985	8	24	0
1985	8	25	0
1985	8	26	0
1985	8	27	0
1985	8	28	0
1985	8	29	0
1985	8	30	1
1985	8	31	0.9
1985	9	1	6.6
1985	9	2	6.4
1985	9	3	10.9
1985	9	4	0.1
1985	9	5	0.4
1985	9	6	10.8
1985	9	7	2.2
1985	9	8	4.2
1985	9	9	6.8
1985	9	10	1.2
1985	9	11	1.2
1985	9	12	0
1985	9	13	0.1
1985	9	14	1.4
1985	9	15	3.3
1985	9	16	1.2
1985	9	17	0.4
1985	9	18	0
1985	9	19	13.4
1985	9	20	0
1985	9	21	0
1985	9	22	0
1985	9	23	0
1985	9	24	0
1985	9	25	0
1985	9	26	0.6
1985	9	27	1.6
1985	9	28	0
1985	9	29	0
1985	9	30	3.5
1985	10	1	0.1
1985	10	2	0
1985	10	3	0
1985	10	4	0
1985	10	5	0
1985	10	6	0
1985	10	7	8.7
1985	10	8	27.3
1985	10	9	0
1985	10	10	1
1985	10	11	4.7
1985	10	12	2.7
1985	10	13	2.6
1985	10	14	0
1985	10	15	0
1985	10	16	0
1985	10	17	3.7
1985	10	18	1.2
1985	10	19	0
1985	10	20	0
1985	10	21	0
1985	10	22	0
1985	10	23	0
1985	10	24	0.4
1985	10	25	0
1985	10	26	0
1985	10	27	0
1985	10	28	0
1985	10	29	0
1985	10	30	0
1985	10	31	0.6
1985	11	1	0.7
1985	11	2	3.3
1985	11	3	0.5
1985	11	4	0
1985	11	5	13.6
1985	11	6	2.9
1985	11	7	8.1
1985	11	8	0
1985	11	9	5.3
1985	11	10	2.6
1985	11	11	6.4
1985	11	12	1.1
1985	11	13	0
1985	11	14	0
1985	11	15	0.7
1985	11	16	0
1985	11	17	0.6
1985	11	18	0
1985	11	19	0
1985	11	20	0
1985	11	21	0
1985	11	22	0
1985	11	23	0
1985	11	24	0.1
1985	11	25	0.9
1985	11	26	3
1985	11	27	12.4
1985	11	28	5.5
1985	11	29	4.5
1985	11	30	1.6
1985	12	1	0
1985	12	2	5.8
1985	12	3	14.3
1985	12	4	2.6
1985	12	5	2.4
1985	12	6	15.1
1985	12	7	0
1985	12	8	0
1985	12	9	0
1985	12	10	0
1985	12	11	0
1985	12	12	0
1985	12	13	3
1985	12	14	0
1985	12	15	0
1985	12	16	0
1985	12	17	0
1985	12	18	2.2
1985	12	19	1.2
1985	12	20	1.1
1985	12	21	4
1985	12	22	0
1985	12	23	0
1985	12	24	4.6
1985	12	25	3.3
1985	12	26	3.1
1985	12	27	0
1985	12	28	0
1985	12	29	0
1985	12	30	0
1985	12	31	0
1986	1	1	0
1986	1	2	5.7
1986	1	3	1.6
1986	1	4	6.1
1986	1	5	3.7
1986	1	6	1.1
1986	1	7	1.7
1986	1	8	0.7
1986	1	9	0.4
1986	1	10	0
1986	1	11	1.5
1986	1	12	0
1986	1	13	0.2
1986	1	14	1.2
1986	1	15	0
1986	1	16	0
1986	1	17	0
1986	1	18	6.1
1986	1	19	0.6
1986	1	20	0.7
1986	1	21	7.9
1986	1	22	1.2
1986	1	23	4.6
1986	1	24	0.1
1986	1	25	0.5
1986	1	26	0.6
1986	1	27	3.3
1986	1	28	0
1986	1	29	0.6
1986	1	30	0
1986	1	31	0.2
1986	2	1	0
1986	2	2	0
1986	2	3	0.1
1986	2	4	1.7
1986	2	5	0.1
1986	2	6	0.5
1986	2	7	0.1
1986	2	8	0
1986	2	9	0
1986	2	10	0
1986	2	11	0
1986	2	12	0
1986	2	13	0.7
1986	2	14	0.7
1986	2	15	0.1
1986	2	16	0
1986	2	17	0
1986	2	18	0.2
1986	2	19	0
1986	2	20	0.5
1986	2	21	4
1986	2	22	0.1
1986	2	23	3.1
1986	2	24	0
1986	2	25	0
1986	2	26	0
1986	2	27	0.2
1986	2	28	0
1986	3	1	0
1986	3	2	0
1986	3	3	0
1986	3	4	0.2
1986	3	5	4.3
1986	3	6	0
1986	3	7	0
1986	3	8	0
1986	3	9	0
1986	3	10	0.2
1986	3	11	0
1986	3	12	0.1
1986	3	13	0.4
1986	3	14	0
1986	3	15	0
1986	3	16	0
1986	3	17	0
1986	3	18	0
1986	3	19	0
1986	3	20	0
1986	3	21	0
1986	3	22	7.4
1986	3	23	23.2
1986	3	24	0
1986	3	25	7.9
1986	3	26	0.9
1986	3	27	8.8
1986	3	28	0
1986	3	29	1.5
1986	3	30	5
1986	3	31	8.9
1986	4	1	0.5
1986	4	2	0.7
1986	4	3	0
1986	4	4	0
1986	4	5	0.4
1986	4	6	0
1986	4	7	0
1986	4	8	0
1986	4	9	0.2
1986	4	10	0
1986	4	11	0
1986	4	12	0
1986	4	13	20.3
1986	4	14	0
1986	4	15	0
1986	4	16	0
1986	4	17	0
1986	4	18	0
1986	4	19	4
1986	4	20	8.4
1986	4	21	1.5
1986	4	22	0.4
1986	4	23	7.2
1986	4	24	0
1986	4	25	3.5
1986	4	26	0
1986	4	27	0.1
1986	4	28	2.6
1986	4	29	0
1986	4	30	1.1
1986	5	1	0
1986	5	2	0
1986	5	3	0
1986	5	4	0
1986	5	5	0
1986	5	6	0
1986	5	7	0
1986	5	8	0
1986	5	9	0
1986	5	10	0.1
1986	5	11	12.6
1986	5	12	16.7
1986	5	13	2.1
1986	5	14	0
1986	5	15	12.8
1986	5	16	13.6
1986	5	17	0
1986	5	18	2.2
1986	5	19	0
1986	5	20	0
1986	5	21	3.5
1986	5	22	0.2
1986	5	23	0
1986	5	24	11.2
1986	5	25	0
1986	5	26	0.4
1986	5	27	1
1986	5	28	0
1986	5	29	0
1986	5	30	0.2
1986	5	31	0
1986	6	1	0
1986	6	2	0
1986	6	3	0.6
1986	6	4	0.4
1986	6	5	0.2
1986	6	6	1.5
1986	6	7	31.1
1986	6	8	0.1
1986	6	9	0
1986	6	10	0
1986	6	11	1.7
1986	6	12	0
1986	6	13	0
1986	6	14	0
1986	6	15	0
1986	6	16	0
1986	6	17	0
1986	6	18	0
1986	6	19	0
1986	6	20	3
1986	6	21	0
1986	6	22	0
1986	6	23	0
1986	6	24	0
1986	6	25	0
1986	6	26	0
1986	6	27	0
1986	6	28	0.7
1986	6	29	0
1986	6	30	0
1986	7	1	0
1986	7	2	2
1986	7	3	0
1986	7	4	0.1
1986	7	5	1.2
1986	7	6	2.2
1986	7	7	9.4
1986	7	8	0.7
1986	7	9	11.5
1986	7	10	5.3
1986	7	11	0
1986	7	12	12.3
1986	7	13	2.2
1986	7	14	0
1986	7	15	0
1986	7	16	0
1986	7	17	1.5
1986	7	18	2.4
1986	7	19	1.9
1986	7	20	1.2
1986	7	21	2.6
1986	7	22	0
1986	7	23	4.5
1986	7	24	20.2
1986	7	25	1.6
1986	7	26	33.5
1986	7	27	0
1986	7	28	0
1986	7	29	2.5
1986	7	30	1.7
1986	7	31	0
1986	8	1	1.6
1986	8	2	0
1986	8	3	0
1986	8	4	0
1986	8	5	17
1986	8	6	0
1986	8	7	0
1986	8	8	12
1986	8	9	2.6
1986	8	10	6.3
1986	8	11	0.2
1986	8	12	0
1986	8	13	3.3
1986	8	14	0
1986	8	15	0
1986	8	16	24.8
1986	8	17	6.6
1986	8	18	11.8
1986	8	19	0
1986	8	20	3.2
1986	8	21	14.3
1986	8	22	0.2
1986	8	23	3
1986	8	24	0.4
1986	8	25	4.1
1986	8	26	0.1
1986	8	27	13.1
1986	8	28	12.5
1986	8	29	49.8
1986	8	30	46.5
1986	8	31	0.6
1986	9	1	0
1986	9	2	0
1986	9	3	1.1
1986	9	4	2.4
1986	9	5	6.4
1986	9	6	2.4
1986	9	7	1.4
1986	9	8	0.7
1986	9	9	0
1986	9	10	4.6
1986	9	11	6.2
1986	9	12	0
1986	9	13	0
1986	9	14	8.6
1986	9	15	1.9
1986	9	16	0
1986	9	17	0
1986	9	18	0
1986	9	19	0
1986	9	20	1.5
1986	9	21	5.5
1986	9	22	1.7
1986	9	23	0.2
1986	9	24	0
1986	9	25	0.1
1986	9	26	0
1986	9	27	0
1986	9	28	11.2
1986	9	29	0
1986	9	30	0
1986	10	1	0
1986	10	2	0
1986	10	3	0
1986	10	4	0
1986	10	5	0
1986	10	6	1.7
1986	10	7	0
1986	10	8	0
1986	10	9	2.5
1986	10	10	3.1
1986	10	11	0
1986	10	12	0
1986	10	13	0
1986	10	14	0
1986	10	15	0.1
1986	10	16	0
1986	10	17	0
1986	10	18	0
1986	10	19	6.9
1986	10	20	1.4
1986	10	21	2
1986	10	22	1.4
1986	10	23	0
1986	10	24	0
1986	10	25	0
1986	10	26	3.3
1986	10	27	2.2
1986	10	28	3.1
1986	10	29	5.2
1986	10	30	1.9
1986	10	31	9.7
1986	11	1	0
1986	11	2	0
1986	11	3	0.6
1986	11	4	0
1986	11	5	10.8
1986	11	6	0.4
1986	11	7	2.7
1986	11	8	2.5
1986	11	9	0
1986	11	10	0.4
1986	11	11	0.7
1986	11	12	3.7
1986	11	13	0
1986	11	14	0
1986	11	15	0.5
1986	11	16	0
1986	11	17	2
1986	11	18	1.6
1986	11	19	10
1986	11	20	5.1
1986	11	21	0.1
1986	11	22	0.4
1986	11	23	8.1
1986	11	24	0.9
1986	11	25	3.1
1986	11	26	0
1986	11	27	0
1986	11	28	0
1986	11	29	0
1986	11	30	0.2
1986	12	1	5.2
1986	12	2	0.6
1986	12	3	2.1
1986	12	4	0
1986	12	5	14.3
1986	12	6	0
1986	12	7	0
1986	12	8	0
1986	12	9	0
1986	12	10	0
1986	12	11	0
1986	12	12	1.1
1986	12	13	0.5
1986	12	14	8.7
1986	12	15	0.2
1986	12	16	5.1
1986	12	17	3
1986	12	18	0
1986	12	19	0.7
1986	12	20	1.7
1986	12	21	10.8
1986	12	22	10.7
1986	12	23	2.2
1986	12	24	1.4
1986	12	25	0.2
1986	12	26	0.7
1986	12	27	3.5
1986	12	28	2
1986	12	29	12.4
1986	12	30	0.7
1986	12	31	0.7
1987	1	1	0
1987	1	2	0.9
1987	1	3	1.4
1987	1	4	0.1
1987	1	5	2.7
1987	1	6	0
1987	1	7	0
1987	1	8	5.3
1987	1	9	0
1987	1	10	0
1987	1	11	0
1987	1	12	0
1987	1	13	0.2
1987	1	14	0.1
1987	1	15	0
1987	1	16	0
1987	1	17	0
1987	1	18	0
1987	1	19	0
1987	1	20	1.9
1987	1	21	0
1987	1	22	0
1987	1	23	0.4
1987	1	24	1.1
1987	1	25	3.2
1987	1	26	0
1987	1	27	4
1987	1	28	0.2
1987	1	29	0.4
1987	1	30	0.6
1987	1	31	0
1987	2	1	0
1987	2	2	0
1987	2	3	0
1987	2	4	0
1987	2	5	1.5
1987	2	6	5.8
1987	2	7	0.1
1987	2	8	0.4
1987	2	9	0
1987	2	10	8.1
1987	2	11	3.7
1987	2	12	1.4
1987	2	13	6.8
1987	2	14	0
1987	2	15	0
1987	2	16	0
1987	2	17	0
1987	2	18	0.1
1987	2	19	0
1987	2	20	0
1987	2	21	0
1987	2	22	0
1987	2	23	0
1987	2	24	0
1987	2	25	0
1987	2	26	0
1987	2	27	0
1987	2	28	0
1987	3	1	0
1987	3	2	0.1
1987	3	3	0.1
1987	3	4	0
1987	3	5	0
1987	3	6	0
1987	3	7	0
1987	3	8	0
1987	3	9	0
1987	3	10	0
1987	3	11	0
1987	3	12	0
1987	3	13	0
1987	3	14	0
1987	3	15	0
1987	3	16	0
1987	3	17	0
1987	3	18	4.6
1987	3	19	2.2
1987	3	20	4
1987	3	21	0
1987	3	22	0.4
1987	3	23	0
1987	3	24	0
1987	3	25	0
1987	3	26	4.5
1987	3	27	5
1987	3	28	0.4
1987	3	29	0.4
1987	3	30	0
1987	3	31	0
1987	4	1	0.2
1987	4	2	0
1987	4	3	0
1987	4	4	0
1987	4	5	0
1987	4	6	0
1987	4	7	0
1987	4	8	0
1987	4	9	0
1987	4	10	0
1987	4	11	0.7
1987	4	12	0.1
1987	4	13	0
1987	4	14	0
1987	4	15	0.1
1987	4	16	0
1987	4	17	0
1987	4	18	0
1987	4	19	0.6
1987	4	20	1.7
1987	4	21	0
1987	4	22	0
1987	4	23	0
1987	4	24	0.9
1987	4	25	0
1987	4	26	0
1987	4	27	0
1987	4	28	0
1987	4	29	0
1987	4	30	0
1987	5	1	1
1987	5	2	5.7
1987	5	3	0.2
1987	5	4	0
1987	5	5	0
1987	5	6	3.7
1987	5	7	0
1987	5	8	0
1987	5	9	8.6
1987	5	10	0.6
1987	5	11	0.9
1987	5	12	11
1987	5	13	1.4
1987	5	14	0
1987	5	15	0
1987	5	16	2.9
1987	5	17	8.9
1987	5	18	9.7
1987	5	19	0.1
1987	5	20	0
1987	5	21	0
1987	5	22	0
1987	5	23	0
1987	5	24	0
1987	5	25	0
1987	5	26	0
1987	5	27	0
1987	5	28	0
1987	5	29	0
1987	5	30	0
1987	5	31	0
1987	6	1	3.2
1987	6	2	11.7
1987	6	3	1.1
1987	6	4	2.5
1987	6	5	0.7
1987	6	6	0
1987	6	7	1.2
1987	6	8	6.1
1987	6	9	0
1987	6	10	0
1987	6	11	0
1987	6	12	6.8
1987	6	13	0
1987	6	14	2.2
1987	6	15	1
1987	6	16	7.8
1987	6	17	16.6
1987	6	18	2.6
1987	6	19	3
1987	6	20	0.5
1987	6	21	0
1987	6	22	0
1987	6	23	0.9
1987	6	24	2.2
1987	6	25	0.9
1987	6	26	0
1987	6	27	0
1987	6	28	0
1987	6	29	0.9
1987	6	30	5.5
1987	7	1	0
1987	7	2	5.6
1987	7	3	1.4
1987	7	4	5.7
1987	7	5	0
1987	7	6	0
1987	7	7	0
1987	7	8	26.8
1987	7	9	0
1987	7	10	0
1987	7	11	0
1987	7	12	0
1987	7	13	0
1987	7	14	0
1987	7	15	0
1987	7	16	0
1987	7	17	0
1987	7	18	0
1987	7	19	0
1987	7	20	0
1987	7	21	0
1987	7	22	0
1987	7	23	0
1987	7	24	0.6
1987	7	25	6.2
1987	7	26	14.5
1987	7	27	12.6
1987	7	28	2.6
1987	7	29	6.4
1987	7	30	0.2
1987	7	31	9.8
1987	8	1	6.2
1987	8	2	1.4
1987	8	3	4
1987	8	4	11.9
1987	8	5	2
1987	8	6	7.8
1987	8	7	6.3
1987	8	8	12.2
1987	8	9	6.9
1987	8	10	0.5
1987	8	11	0
1987	8	12	0
1987	8	13	0.5
1987	8	14	9.4
1987	8	15	3
1987	8	16	0
1987	8	17	0.2
1987	8	18	0.1
1987	8	19	0.6
1987	8	20	0
1987	8	21	6.7
1987	8	22	11.2
1987	8	23	12.8
1987	8	24	0
1987	8	25	0
1987	8	26	0
1987	8	27	0.5
1987	8	28	16.6
1987	8	29	0.9
1987	8	30	0
1987	8	31	0
1987	9	1	0
1987	9	2	0
1987	9	3	0
1987	9	4	0
1987	9	5	0.6
1987	9	6	7.1
1987	9	7	7.6
1987	9	8	1.2
1987	9	9	0
1987	9	10	6.1
1987	9	11	0
1987	9	12	10.8
1987	9	13	4.5
1987	9	14	1.6
1987	9	15	0.7
1987	9	16	0
1987	9	17	0
1987	9	18	14.4
1987	9	19	0
1987	9	20	0
1987	9	21	0.1
1987	9	22	2.7
1987	9	23	0
1987	9	24	0
1987	9	25	0.6
1987	9	26	1.9
1987	9	27	1.5
1987	9	28	3.3
1987	9	29	0.4
1987	9	30	0
1987	10	1	0
1987	10	2	0
1987	10	3	0
1987	10	4	0
1987	10	5	0
1987	10	6	0
1987	10	7	0
1987	10	8	0
1987	10	9	3
1987	10	10	0
1987	10	11	0
1987	10	12	0
1987	10	13	7.2
1987	10	14	0.6
1987	10	15	2.2
1987	10	16	10.9
1987	10	17	0
1987	10	18	0
1987	10	19	0
1987	10	20	0
1987	10	21	0
1987	10	22	0
1987	10	23	6.3
1987	10	24	3
1987	10	25	0
1987	10	26	0
1987	10	27	0
1987	10	28	0
1987	10	29	0
1987	10	30	0
1987	10	31	0.4
1987	11	1	0
1987	11	2	0
1987	11	3	0
1987	11	4	0
1987	11	5	0
1987	11	6	0
1987	11	7	0.7
1987	11	8	0
1987	11	9	0
1987	11	10	0
1987	11	11	0
1987	11	12	11.8
1987	11	13	0
1987	11	14	0
1987	11	15	0
1987	11	16	5.8
1987	11	17	2
1987	11	18	0
1987	11	19	13.9
1987	11	20	0.2
1987	11	21	2.2
1987	11	22	1.1
1987	11	23	2.7
1987	11	24	0
1987	11	25	0.6
1987	11	26	6.4
1987	11	27	0.4
1987	11	28	4
1987	11	29	1.7
1987	11	30	0
1987	12	1	0
1987	12	2	0
1987	12	3	0
1987	12	4	0
1987	12	5	0
1987	12	6	2.2
1987	12	7	0
1987	12	8	0
1987	12	9	1.6
1987	12	10	2
1987	12	11	0
1987	12	12	0.2
1987	12	13	0
1987	12	14	0
1987	12	15	1.4
1987	12	16	0
1987	12	17	0
1987	12	18	0
1987	12	19	0.9
1987	12	20	0.4
1987	12	21	0
1987	12	22	6.6
1987	12	23	0
1987	12	24	0
1987	12	25	0
1987	12	26	1.6
1987	12	27	1
1987	12	28	0
1987	12	29	4
1987	12	30	0
1987	12	31	2.5
1988	1	1	0
1988	1	2	4.5
1988	1	3	4
1988	1	4	1.5
1988	1	5	0.2
1988	1	6	0.2
1988	1	7	1.1
1988	1	8	0
1988	1	9	0
1988	1	10	0
1988	1	11	13.4
1988	1	12	1.2
1988	1	13	0
1988	1	14	0
1988	1	15	0
1988	1	16	0
1988	1	17	0.2
1988	1	18	1.7
1988	1	19	2.9
1988	1	20	0
1988	1	21	1
1988	1	22	1.7
1988	1	23	6.3
1988	1	24	1.6
1988	1	25	1.2
1988	1	26	6.4
1988	1	27	5.1
1988	1	28	4.7
1988	1	29	3.6
1988	1	30	6.1
1988	1	31	3.2
1988	2	1	7.9
1988	2	2	2
1988	2	3	0.6
1988	2	4	2.5
1988	2	5	0.7
1988	2	6	7.1
1988	2	7	1
1988	2	8	0.6
1988	2	9	2.1
1988	2	10	1
1988	2	11	5.6
1988	2	12	1.1
1988	2	13	0
1988	2	14	0
1988	2	15	0.6
1988	2	16	0.9
1988	2	17	1.5
1988	2	18	1.1
1988	2	19	0.5
1988	2	20	0
1988	2	21	3.3
1988	2	22	0
1988	2	23	0.6
1988	2	24	2
1988	2	25	0.6
1988	2	26	0
1988	2	27	6.2
1988	2	28	11.3
1988	2	29	3.1
1988	3	1	4.6
1988	3	2	0
1988	3	3	0
1988	3	4	3.3
1988	3	5	2
1988	3	6	2.1
1988	3	7	3.2
1988	3	8	1.5
1988	3	9	0.5
1988	3	10	8.3
1988	3	11	0.9
1988	3	12	0.9
1988	3	13	0
1988	3	14	0
1988	3	15	0
1988	3	16	0.9
1988	3	17	3.2
1988	3	18	0
1988	3	19	0
1988	3	20	0
1988	3	21	0
1988	3	22	1
1988	3	23	1.2
1988	3	24	0
1988	3	25	4.1
1988	3	26	2.5
1988	3	27	0
1988	3	28	0.2
1988	3	29	0
1988	3	30	0
1988	3	31	0
1988	4	1	0.9
1988	4	2	6.4
1988	4	3	1.2
1988	4	4	0
1988	4	5	0
1988	4	6	0
1988	4	7	0
1988	4	8	1.6
1988	4	9	0
1988	4	10	1.9
1988	4	11	0
1988	4	12	0
1988	4	13	0
1988	4	14	0
1988	4	15	0
1988	4	16	0.2
1988	4	17	5.7
1988	4	18	0
1988	4	19	0
1988	4	20	16.1
1988	4	21	0.9
1988	4	22	0.7
1988	4	23	0
1988	4	24	0.1
1988	4	25	1
1988	4	26	0
1988	4	27	0
1988	4	28	0
1988	4	29	0
1988	4	30	0
1988	5	1	0
1988	5	2	0
1988	5	3	0
1988	5	4	0
1988	5	5	3.2
1988	5	6	0
1988	5	7	0
1988	5	8	0
1988	5	9	0
1988	5	10	0
1988	5	11	0
1988	5	12	0
1988	5	13	0
1988	5	14	0
1988	5	15	0
1988	5	16	0
1988	5	17	0.4
1988	5	18	0
1988	5	19	0
1988	5	20	11.5
1988	5	21	1
1988	5	22	1.7
1988	5	23	0
1988	5	24	0
1988	5	25	0
1988	5	26	0
1988	5	27	0
1988	5	28	0
1988	5	29	0
1988	5	30	0
1988	5	31	23.4
1988	6	1	16.7
1988	6	2	0.2
1988	6	3	0.2
1988	6	4	0
1988	6	5	5.5
1988	6	6	0
1988	6	7	2.6
1988	6	8	2.1
1988	6	9	0
1988	6	10	1.7
1988	6	11	0
1988	6	12	0
1988	6	13	0
1988	6	14	0
1988	6	15	0
1988	6	16	0
1988	6	17	0
1988	6	18	0
1988	6	19	1.7
1988	6	20	0
1988	6	21	0
1988	6	22	0
1988	6	23	0
1988	6	24	0.2
1988	6	25	0
1988	6	26	0
1988	6	27	0
1988	6	28	18
1988	6	29	1.9
1988	6	30	0.4
1988	7	1	0
1988	7	2	2
1988	7	3	0
1988	7	4	0.6
1988	7	5	0
1988	7	6	3.5
1988	7	7	0
1988	7	8	0
1988	7	9	0
1988	7	10	0
1988	7	11	2.2
1988	7	12	8.7
1988	7	13	0
1988	7	14	0
1988	7	15	2.4
1988	7	16	10.5
1988	7	17	6
1988	7	18	12.3
1988	7	19	1.9
1988	7	20	0.2
1988	7	21	0
1988	7	22	0
1988	7	23	0
1988	7	24	16.7
1988	7	25	20.3
1988	7	26	10.3
1988	7	27	0
1988	7	28	0
1988	7	29	0
1988	7	30	2
1988	7	31	6.4
1988	8	1	0.9
1988	8	2	43.5
1988	8	3	13
1988	8	4	0
1988	8	5	13.6
1988	8	6	0
1988	8	7	0
1988	8	8	0
1988	8	9	0
1988	8	10	0
1988	8	11	7.9
1988	8	12	0.1
1988	8	13	16.5
1988	8	14	0
1988	8	15	8.1
1988	8	16	7.1
1988	8	17	0.7
1988	8	18	0
1988	8	19	11.7
1988	8	20	9.4
1988	8	21	1.5
1988	8	22	4.7
1988	8	23	17
1988	8	24	15.3
1988	8	25	0
1988	8	26	0
1988	8	27	0
1988	8	28	0
1988	8	29	1.9
1988	8	30	0
1988	8	31	0
1988	9	1	0.7
1988	9	2	0
1988	9	3	0.4
1988	9	4	0
1988	9	5	0
1988	9	6	0
1988	9	7	0
1988	9	8	0
1988	9	9	0
1988	9	10	0
1988	9	11	0
1988	9	12	0.1
1988	9	13	0.6
1988	9	14	0.1
1988	9	15	0.4
1988	9	16	0
1988	9	17	0
1988	9	18	0
1988	9	19	1.2
1988	9	20	0.6
1988	9	21	0
1988	9	22	0
1988	9	23	3.3
1988	9	24	6.9
1988	9	25	0
1988	9	26	5.6
1988	9	27	0.1
1988	9	28	10.5
1988	9	29	5.1
1988	9	30	0
1988	10	1	0
1988	10	2	0
1988	10	3	0
1988	10	4	0
1988	10	5	0
1988	10	6	6.9
1988	10	7	2.7
1988	10	8	0
1988	10	9	6
1988	10	10	0
1988	10	11	0
1988	10	12	0
1988	10	13	1.5
1988	10	14	0
1988	10	15	0
1988	10	16	0
1988	10	17	0.6
1988	10	18	0
1988	10	19	0
1988	10	20	0
1988	10	21	0
1988	10	22	0
1988	10	23	0.6
1988	10	24	0
1988	10	25	0
1988	10	26	5.5
1988	10	27	23.8
1988	10	28	21.2
1988	10	29	0
1988	10	30	0
1988	10	31	0.2
1988	11	1	15.1
1988	11	2	2.7
1988	11	3	0
1988	11	4	0
1988	11	5	0.4
1988	11	6	0
1988	11	7	0
1988	11	8	0
1988	11	9	0
1988	11	10	0.2
1988	11	11	0
1988	11	12	0
1988	11	13	0
1988	11	14	0
1988	11	15	0
1988	11	16	0
1988	11	17	3.1
1988	11	18	1.9
1988	11	19	0
1988	11	20	2
1988	11	21	0.2
1988	11	22	0.1
1988	11	23	0
1988	11	24	0
1988	11	25	0
1988	11	26	0
1988	11	27	0
1988	11	28	9.9
1988	11	29	1.7
1988	11	30	0.5
1988	12	1	0
1988	12	2	0
1988	12	3	0
1988	12	4	4.6
1988	12	5	7.9
1988	12	6	6
1988	12	7	1.1
1988	12	8	10.4
1988	12	9	0
1988	12	10	0.5
1988	12	11	0
1988	12	12	0
1988	12	13	0.2
1988	12	14	0
1988	12	15	0
1988	12	16	1
1988	12	17	0
1988	12	18	6.1
1988	12	19	1.5
1988	12	20	3
1988	12	21	0.2
1988	12	22	0.2
1988	12	23	0
1988	12	24	0
1988	12	25	2.1
1988	12	26	11.2
1988	12	27	8.1
1988	12	28	0
1988	12	29	0
1988	12	30	1.9
1988	12	31	0
1989	1	1	0.7
1989	1	2	0
1989	1	3	0
1989	1	4	0
1989	1	5	0.2
1989	1	6	0
1989	1	7	0
1989	1	8	0
1989	1	9	0.7
1989	1	10	0
1989	1	11	0
1989	1	12	2.1
1989	1	13	2.1
1989	1	14	1.9
1989	1	15	0.1
1989	1	16	0
1989	1	17	0
1989	1	18	0
1989	1	19	0
1989	1	20	0
1989	1	21	0
1989	1	22	0.9
1989	1	23	0.5
1989	1	24	0
1989	1	25	0
1989	1	26	0
1989	1	27	0
1989	1	28	0
1989	1	29	0
1989	1	30	0
1989	1	31	0
1989	2	1	0
1989	2	2	0
1989	2	3	0
1989	2	4	0.2
1989	2	5	0
1989	2	6	0.6
1989	2	7	1.1
1989	2	8	0
1989	2	9	0
1989	2	10	0
1989	2	11	0
1989	2	12	0.6
1989	2	13	0.4
1989	2	14	5.1
1989	2	15	1
1989	2	16	0.2
1989	2	17	0
1989	2	18	1.9
1989	2	19	2.9
1989	2	20	0
1989	2	21	0
1989	2	22	0
1989	2	23	2.9
1989	2	24	0.2
1989	2	25	4.7
1989	2	26	3.2
1989	2	27	3.1
1989	2	28	0
1989	3	1	0
1989	3	2	0
1989	3	3	0
1989	3	4	0
1989	3	5	2.5
1989	3	6	0
1989	3	7	0
1989	3	8	0
1989	3	9	0
1989	3	10	5.1
1989	3	11	4.2
1989	3	12	0
1989	3	13	4.2
1989	3	14	0
1989	3	15	0
1989	3	16	4
1989	3	17	0.1
1989	3	18	0
1989	3	19	0
1989	3	20	2.6
1989	3	21	7.1
1989	3	22	4.7
1989	3	23	3.7
1989	3	24	5
1989	3	25	4.6
1989	3	26	0.4
1989	3	27	0
1989	3	28	0
1989	3	29	0
1989	3	30	1
1989	3	31	1.5
1989	4	1	0.2
1989	4	2	0.9
1989	4	3	0.4
1989	4	4	0
1989	4	5	0
1989	4	6	0.5
1989	4	7	6.2
1989	4	8	0.5
1989	4	9	4.3
1989	4	10	0
1989	4	11	0
1989	4	12	0
1989	4	13	0
1989	4	14	0
1989	4	15	0
1989	4	16	0.6
1989	4	17	2.9
1989	4	18	8.1
1989	4	19	6
1989	4	20	0
1989	4	21	0
1989	4	22	0.2
1989	4	23	1.5
1989	4	24	2.7
1989	4	25	5.1
1989	4	26	1.6
1989	4	27	13.1
1989	4	28	0
1989	4	29	0
1989	4	30	0
1989	5	1	0
1989	5	2	0
1989	5	3	0
1989	5	4	1.6
1989	5	5	0.6
1989	5	6	0
1989	5	7	0.4
1989	5	8	0.1
1989	5	9	5
1989	5	10	0
1989	5	11	0
1989	5	12	10.8
1989	5	13	0.9
1989	5	14	1.9
1989	5	15	0
1989	5	16	0
1989	5	17	0
1989	5	18	0
1989	5	19	0
1989	5	20	0
1989	5	21	0
1989	5	22	0
1989	5	23	0
1989	5	24	0
1989	5	25	0
1989	5	26	0.2
1989	5	27	0
1989	5	28	0.4
1989	5	29	0
1989	5	30	3.6
1989	5	31	12.4
1989	6	1	0.1
1989	6	2	0
1989	6	3	2.5
1989	6	4	3.2
1989	6	5	0
1989	6	6	0
1989	6	7	23.7
1989	6	8	0
1989	6	9	0
1989	6	10	0
1989	6	11	0
1989	6	12	0
1989	6	13	0
1989	6	14	0
1989	6	15	0
1989	6	16	0
1989	6	17	2
1989	6	18	0
1989	6	19	0
1989	6	20	10
1989	6	21	0
1989	6	22	0
1989	6	23	0
1989	6	24	0
1989	6	25	0
1989	6	26	0
1989	6	27	0
1989	6	28	0
1989	6	29	0
1989	6	30	0
1989	7	1	0
1989	7	2	0
1989	7	3	0
1989	7	4	0
1989	7	5	0
1989	7	6	0
1989	7	7	0
1989	7	8	0
1989	7	9	0
1989	7	10	0
1989	7	11	0
1989	7	12	0
1989	7	13	4
1989	7	14	0.2
1989	7	15	0.2
1989	7	16	3.2
1989	7	17	0
1989	7	18	0
1989	7	19	0
1989	7	20	0.5
1989	7	21	0
1989	7	22	0
1989	7	23	0
1989	7	24	0
1989	7	25	0
1989	7	26	0
1989	7	27	0.6
1989	7	28	0
1989	7	29	0
1989	7	30	0
1989	7	31	2.5
1989	8	1	0
1989	8	2	0
1989	8	3	10.9
1989	8	4	6.9
1989	8	5	8.1
1989	8	6	0
1989	8	7	0
1989	8	8	2.2
1989	8	9	0
1989	8	10	0.6
1989	8	11	2.1
1989	8	12	1.4
1989	8	13	0
1989	8	14	0
1989	8	15	7.4
1989	8	16	4.7
1989	8	17	5.7
1989	8	18	1.4
1989	8	19	0
1989	8	20	1.2
1989	8	21	0.2
1989	8	22	0
1989	8	23	2.5
1989	8	24	7.9
1989	8	25	2.9
1989	8	26	0
1989	8	27	0
1989	8	28	0
1989	8	29	0
1989	8	30	0
1989	8	31	1.9
1989	9	1	2.7
1989	9	2	0
1989	9	3	0.1
1989	9	4	0
1989	9	5	0
1989	9	6	0
1989	9	7	0
1989	9	8	0.5
1989	9	9	0
1989	9	10	0
1989	9	11	0
1989	9	12	0
1989	9	13	0
1989	9	14	0.5
1989	9	15	0
1989	9	16	3.3
1989	9	17	12.4
1989	9	18	0
1989	9	19	3.2
1989	9	20	0
1989	9	21	0
1989	9	22	0
1989	9	23	0.7
1989	9	24	0
1989	9	25	0
1989	9	26	0
1989	9	27	0
1989	9	28	0
1989	9	29	0
1989	9	30	0
1989	10	1	0.6
1989	10	2	8.6
1989	10	3	0
1989	10	4	0
1989	10	5	0
1989	10	6	0
1989	10	7	0
1989	10	8	0
1989	10	9	0.5
1989	10	10	0
1989	10	11	0
1989	10	12	2.9
1989	10	13	0
1989	10	14	0
1989	10	15	0
1989	10	16	6.2
1989	10	17	0.2
1989	10	18	0.1
1989	10	19	0.1
1989	10	20	0.9
1989	10	21	16.2
1989	10	22	6
1989	10	23	0
1989	10	24	0.2
1989	10	25	0.4
1989	10	26	0
1989	10	27	0
1989	10	28	0.1
1989	10	29	22.3
1989	10	30	8.6
1989	10	31	0.5
1989	11	1	0
1989	11	2	0
1989	11	3	7.8
1989	11	4	1.4
1989	11	5	12.8
1989	11	6	0.2
1989	11	7	6.9
1989	11	8	0.2
1989	11	9	0.1
1989	11	10	0.1
1989	11	11	0.6
1989	11	12	0
1989	11	13	0
1989	11	14	4.6
1989	11	15	0.7
1989	11	16	0
1989	11	17	0
1989	11	18	0
1989	11	19	0.2
1989	11	20	0
1989	11	21	8.9
1989	11	22	2.7
1989	11	23	3.1
1989	11	24	0.6
1989	11	25	0.9
1989	11	26	1.1
1989	11	27	2
1989	11	28	0
1989	11	29	0
1989	11	30	0
1989	12	1	0
1989	12	2	0
1989	12	3	0
1989	12	4	0
1989	12	5	0
1989	12	6	4.1
1989	12	7	0.2
1989	12	8	0
1989	12	9	1.4
1989	12	10	6.1
1989	12	11	2.2
1989	12	12	3.1
1989	12	13	0.2
1989	12	14	0
1989	12	15	0.4
1989	12	16	6.4
1989	12	17	3.7
1989	12	18	2
1989	12	19	3.7
1989	12	20	0
1989	12	21	19.2
1989	12	22	0
1989	12	23	2.5
1989	12	24	0
1989	12	25	3.7
1989	12	26	0
1989	12	27	0.4
1989	12	28	0
1989	12	29	0
1989	12	30	0
1989	12	31	0
1990	1	1	0.4
1990	1	2	0.2
1990	1	3	0.2
1990	1	4	0
1990	1	5	0
1990	1	6	0
1990	1	7	0.2
1990	1	8	0
1990	1	9	0
1990	1	10	7.6
1990	1	11	0
1990	1	12	5.5
1990	1	13	2.1
1990	1	14	0.2
1990	1	15	8.4
1990	1	16	0.1
1990	1	17	1.2
1990	1	18	1
1990	1	19	4.2
1990	1	20	0.1
1990	1	21	0
1990	1	22	4.3
1990	1	23	8.1
1990	1	24	0.4
1990	1	25	4.7
1990	1	26	10.2
1990	1	27	0.1
1990	1	28	9.2
1990	1	29	1.9
1990	1	30	1.1
1990	1	31	2.6
1990	2	1	0
1990	2	2	1.9
1990	2	3	0.5
1990	2	4	0.9
1990	2	5	0
1990	2	6	0
1990	2	7	4.2
1990	2	8	3.5
1990	2	9	0
1990	2	10	0
1990	2	11	2.1
1990	2	12	0.2
1990	2	13	3
1990	2	14	4.5
1990	2	15	1.1
1990	2	16	1
1990	2	17	0.4
1990	2	18	1.7
1990	2	19	2
1990	2	20	0
1990	2	21	0
1990	2	22	0
1990	2	23	0
1990	2	24	21.7
1990	2	25	2.5
1990	2	26	22.6
1990	2	27	4.7
1990	2	28	0
1990	3	1	0
1990	3	2	0
1990	3	3	0
1990	3	4	11.5
1990	3	5	0
1990	3	6	0
1990	3	7	0.6
1990	3	8	1.5
1990	3	9	20.2
1990	3	10	0
1990	3	11	10.2
1990	3	12	1.4
1990	3	13	0
1990	3	14	0
1990	3	15	2.1
1990	3	16	0.6
1990	3	17	0
1990	3	18	0
1990	3	19	0
1990	3	20	0
1990	3	21	8.1
1990	3	22	0
1990	3	23	0.1
1990	3	24	0
1990	3	25	0
1990	3	26	0
1990	3	27	0
1990	3	28	0
1990	3	29	0
1990	3	30	0
1990	3	31	0
1990	4	1	8.2
1990	4	2	14.4
1990	4	3	3.2
1990	4	4	1.1
1990	4	5	0
1990	4	6	11.9
1990	4	7	0
1990	4	8	0
1990	4	9	0
1990	4	10	0
1990	4	11	0.4
1990	4	12	0
1990	4	13	0
1990	4	14	0
1990	4	15	0
1990	4	16	0.9
1990	4	17	0
1990	4	18	4
1990	4	19	0
1990	4	20	0
1990	4	21	0
1990	4	22	0
1990	4	23	0
1990	4	24	0
1990	4	25	0
1990	4	26	1.5
1990	4	27	0.6
1990	4	28	0
1990	4	29	0
1990	4	30	0
1990	5	1	0
1990	5	2	0
1990	5	3	0
1990	5	4	0
1990	5	5	0
1990	5	6	0
1990	5	7	0
1990	5	8	0
1990	5	9	0
1990	5	10	0.5
1990	5	11	0
1990	5	12	0
1990	5	13	0
1990	5	14	6.2
1990	5	15	0
1990	5	16	2.5
1990	5	17	0
1990	5	18	0
1990	5	19	0
1990	5	20	0
1990	5	21	0
1990	5	22	0
1990	5	23	5.8
1990	5	24	5.1
1990	5	25	3.6
1990	5	26	3
1990	5	27	3.1
1990	5	28	0
1990	5	29	0
1990	5	30	0
1990	5	31	0
1990	6	1	0
1990	6	2	0
1990	6	3	0
1990	6	4	0
1990	6	5	0
1990	6	6	0
1990	6	7	0
1990	6	8	0
1990	6	9	0
1990	6	10	0
1990	6	11	0
1990	6	12	0
1990	6	13	0
1990	6	14	0
1990	6	15	0
1990	6	16	0.6
1990	6	17	1.6
1990	6	18	5.5
1990	6	19	0
1990	6	20	0
1990	6	21	0
1990	6	22	5.1
1990	6	23	2.9
1990	6	24	0
1990	6	25	0
1990	6	26	0
1990	6	27	0
1990	6	28	9.5
1990	6	29	0
1990	6	30	0
1990	7	1	15.7
1990	7	2	3.2
1990	7	3	0.1
1990	7	4	0
1990	7	5	32
1990	7	6	2.7
1990	7	7	3.1
1990	7	8	2.5
1990	7	9	0.5
1990	7	10	0
1990	7	11	1.9
1990	7	12	0
1990	7	13	0
1990	7	14	0
1990	7	15	1.7
1990	7	16	12.8
1990	7	17	0
1990	7	18	5.6
1990	7	19	6.4
1990	7	20	0.2
1990	7	21	12.2
1990	7	22	0
1990	7	23	0
1990	7	24	0
1990	7	25	0
1990	7	26	0
1990	7	27	0
1990	7	28	0
1990	7	29	10
1990	7	30	0
1990	7	31	17.7
1990	8	1	0
1990	8	2	0
1990	8	3	0
1990	8	4	0
1990	8	5	0
1990	8	6	0.1
1990	8	7	0
1990	8	8	0
1990	8	9	2.1
1990	8	10	0
1990	8	11	0.2
1990	8	12	0
1990	8	13	8.8
1990	8	14	0
1990	8	15	0
1990	8	16	1
1990	8	17	0
1990	8	18	0.2
1990	8	19	2
1990	8	20	0
1990	8	21	0
1990	8	22	1.7
1990	8	23	0
1990	8	24	2.5
1990	8	25	23.2
1990	8	26	0.1
1990	8	27	0
1990	8	28	0
1990	8	29	0
1990	8	30	0
1990	8	31	0
1990	9	1	8.1
1990	9	2	2.4
1990	9	3	0
1990	9	4	0
1990	9	5	0.4
1990	9	6	14.1
1990	9	7	6.4
1990	9	8	1.5
1990	9	9	18.1
1990	9	10	0
1990	9	11	0
1990	9	12	3.2
1990	9	13	0
1990	9	14	1.6
1990	9	15	6.2
1990	9	16	0
1990	9	17	0
1990	9	18	1.4
1990	9	19	14.5
1990	9	20	5.8
1990	9	21	18.8
1990	9	22	34.8
1990	9	23	0
1990	9	24	0.1
1990	9	25	7.4
1990	9	26	3.8
1990	9	27	0
1990	9	28	2.4
1990	9	29	1.5
1990	9	30	0
1990	10	1	0
1990	10	2	3.1
1990	10	3	2.5
1990	10	4	10.5
1990	10	5	8.3
1990	10	6	0.2
1990	10	7	18
1990	10	8	1.2
1990	10	9	0
1990	10	10	0
1990	10	11	0
1990	10	12	0
1990	10	13	0
1990	10	14	0
1990	10	15	0
1990	10	16	0
1990	10	17	0
1990	10	18	6.6
1990	10	19	2.5
1990	10	20	0.5
1990	10	21	0
1990	10	22	0
1990	10	23	0
1990	10	24	0
1990	10	25	0
1990	10	26	0
1990	10	27	0
1990	10	28	0
1990	10	29	6.7
1990	10	30	11.4
1990	10	31	7.9
1990	11	1	5
1990	11	2	0.1
1990	11	3	0.6
1990	11	4	0
1990	11	5	0
1990	11	6	0
1990	11	7	0
1990	11	8	0
1990	11	9	0
1990	11	10	0
1990	11	11	0
1990	11	12	0
1990	11	13	4.8
1990	11	14	12.2
1990	11	15	1.5
1990	11	16	18.2
1990	11	17	3.1
1990	11	18	0
1990	11	19	0.7
1990	11	20	2.1
1990	11	21	0.2
1990	11	22	0.5
1990	11	23	0
1990	11	24	4.1
1990	11	25	6
1990	11	26	0
1990	11	27	0
1990	11	28	0.6
1990	11	29	0
1990	11	30	0
1990	12	1	0
1990	12	2	0
1990	12	3	0
1990	12	4	0
1990	12	5	0
1990	12	6	0
1990	12	7	5.5
1990	12	8	5.1
1990	12	9	0.2
1990	12	10	0.1
1990	12	11	3.1
1990	12	12	0.9
1990	12	13	0
1990	12	14	0
1990	12	15	0
1990	12	16	0.1
1990	12	17	0.1
1990	12	18	1
1990	12	19	2.4
1990	12	20	0.6
1990	12	21	0
1990	12	22	3.7
1990	12	23	3.1
1990	12	24	0
1990	12	25	0
1990	12	26	2.2
1990	12	27	3
1990	12	28	0
1990	12	29	11.3
1990	12	30	0
1990	12	31	0
1991	1	1	0
1991	1	2	10.7
1991	1	3	0.7
1991	1	4	7.9
1991	1	5	2.2
1991	1	6	0.2
1991	1	7	1.5
1991	1	8	4.1
1991	1	9	7.9
1991	1	10	13.1
1991	1	11	2.6
1991	1	12	1.6
1991	1	13	0
1991	1	14	0
1991	1	15	0
1991	1	16	0
1991	1	17	0
1991	1	18	0
1991	1	19	0
1991	1	20	2.7
1991	1	21	0
1991	1	22	0
1991	1	23	0
1991	1	24	0
1991	1	25	0
1991	1	26	3.1
1991	1	27	0
1991	1	28	0
1991	1	29	0.2
1991	1	30	0
1991	1	31	0
1991	2	1	0
1991	2	2	1.4
1991	2	3	0
1991	2	4	0
1991	2	5	0
1991	2	6	0
1991	2	7	0
1991	2	8	0.5
1991	2	9	0
1991	2	10	0.2
1991	2	11	0.6
1991	2	12	5.3
1991	2	13	2
1991	2	14	4.5
1991	2	15	1
1991	2	16	0
1991	2	17	2.2
1991	2	18	0
1991	2	19	1.4
1991	2	20	0
1991	2	21	0
1991	2	22	0
1991	2	23	8.8
1991	2	24	0
1991	2	25	0
1991	2	26	0
1991	2	27	0
1991	2	28	1.4
1991	3	1	0
1991	3	2	0.6
1991	3	3	5.7
1991	3	4	0.2
1991	3	5	0
1991	3	6	0.2
1991	3	7	0
1991	3	8	0
1991	3	9	0
1991	3	10	0.5
1991	3	11	0
1991	3	12	0
1991	3	13	10.5
1991	3	14	3.7
1991	3	15	0
1991	3	16	0
1991	3	17	0
1991	3	18	2.6
1991	3	19	4.1
1991	3	20	1.2
1991	3	21	6.1
1991	3	22	1.4
1991	3	23	0.9
1991	3	24	0.1
1991	3	25	0
1991	3	26	0.2
1991	3	27	0
1991	3	28	0
1991	3	29	0
1991	3	30	1
1991	3	31	1.5
1991	4	1	1.2
1991	4	2	0
1991	4	3	0
1991	4	4	0
1991	4	5	0
1991	4	6	0.7
1991	4	7	0
1991	4	8	0
1991	4	9	0
1991	4	10	0
1991	4	11	0
1991	4	12	0
1991	4	13	0
1991	4	14	0
1991	4	15	0
1991	4	16	2.4
1991	4	17	1.1
1991	4	18	0
1991	4	19	0
1991	4	20	0.2
1991	4	21	0
1991	4	22	0
1991	4	23	1.9
1991	4	24	0
1991	4	25	0
1991	4	26	3.3
1991	4	27	0
1991	4	28	0
1991	4	29	6.9
1991	4	30	6.1
1991	5	1	14.1
1991	5	2	0.5
1991	5	3	8.1
1991	5	4	1.7
1991	5	5	0
1991	5	6	0
1991	5	7	0
1991	5	8	0
1991	5	9	0
1991	5	10	0
1991	5	11	0
1991	5	12	0
1991	5	13	0
1991	5	14	13.8
1991	5	15	7.1
1991	5	16	19.5
1991	5	17	0
1991	5	18	0
1991	5	19	1.5
1991	5	20	2.1
1991	5	21	0
1991	5	22	1.9
1991	5	23	0
1991	5	24	0
1991	5	25	7.2
1991	5	26	0
1991	5	27	0
1991	5	28	0
1991	5	29	0
1991	5	30	0
1991	5	31	0
1991	6	1	0
1991	6	2	2
1991	6	3	1.5
1991	6	4	20.1
1991	6	5	0
1991	6	6	0
1991	6	7	0.9
1991	6	8	7.3
1991	6	9	2.9
1991	6	10	7.8
1991	6	11	0.2
1991	6	12	4.8
1991	6	13	3.5
1991	6	14	1.1
1991	6	15	3
1991	6	16	3
1991	6	17	8.9
1991	6	18	21.5
1991	6	19	0
1991	6	20	0
1991	6	21	0
1991	6	22	0.7
1991	6	23	0
1991	6	24	8.4
1991	6	25	0
1991	6	26	13.4
1991	6	27	1.6
1991	6	28	20.2
1991	6	29	8.3
1991	6	30	1.2
1991	7	1	1.1
1991	7	2	2.2
1991	7	3	0
1991	7	4	0
1991	7	5	0
1991	7	6	0
1991	7	7	0
1991	7	8	0
1991	7	9	0
1991	7	10	1.2
1991	7	11	0.2
1991	7	12	0
1991	7	13	4.7
1991	7	14	0
1991	7	15	0
1991	7	16	9.8
1991	7	17	8.4
1991	7	18	3.5
1991	7	19	21.3
1991	7	20	0.1
1991	7	21	1.2
1991	7	22	0
1991	7	23	0
1991	7	24	0
1991	7	25	0
1991	7	26	0.1
1991	7	27	0
1991	7	28	0
1991	7	29	0
1991	7	30	0
1991	7	31	0
1991	8	1	0
1991	8	2	0.1
1991	8	3	3.1
1991	8	4	1.9
1991	8	5	0
1991	8	6	7.9
1991	8	7	8.4
1991	8	8	17.9
1991	8	9	0
1991	8	10	11.7
1991	8	11	2.9
1991	8	12	2.1
1991	8	13	0
1991	8	14	0.5
1991	8	15	0
1991	8	16	4
1991	8	17	0.5
1991	8	18	12.4
1991	8	19	5.7
1991	8	20	7.1
1991	8	21	0
1991	8	22	0
1991	8	23	0
1991	8	24	5.2
1991	8	25	15.3
1991	8	26	0
1991	8	27	15.7
1991	8	28	1.7
1991	8	29	0
1991	8	30	0
1991	8	31	0
1991	9	1	0
1991	9	2	0
1991	9	3	0
1991	9	4	0
1991	9	5	0
1991	9	6	8.9
1991	9	7	0
1991	9	8	0
1991	9	9	0
1991	9	10	0.2
1991	9	11	2.4
1991	9	12	0
1991	9	13	0
1991	9	14	3.8
1991	9	15	0
1991	9	16	0
1991	9	17	0
1991	9	18	5.5
1991	9	19	0
1991	9	20	0.4
1991	9	21	0
1991	9	22	12.3
1991	9	23	8.7
1991	9	24	3.1
1991	9	25	0
1991	9	26	12.6
1991	9	27	0
1991	9	28	0
1991	9	29	6
1991	9	30	7.3
1991	10	1	2.1
1991	10	2	0
1991	10	3	3.3
1991	10	4	0
1991	10	5	0.1
1991	10	6	0.1
1991	10	7	0
1991	10	8	0
1991	10	9	0
1991	10	10	0
1991	10	11	0
1991	10	12	0
1991	10	13	0
1991	10	14	2.5
1991	10	15	0.6
1991	10	16	2.4
1991	10	17	3.7
1991	10	18	3.6
1991	10	19	2.1
1991	10	20	0
1991	10	21	0
1991	10	22	0
1991	10	23	0.7
1991	10	24	0.1
1991	10	25	0
1991	10	26	0.4
1991	10	27	4
1991	10	28	1.1
1991	10	29	0
1991	10	30	0
1991	10	31	0
1991	11	1	0
1991	11	2	8.7
1991	11	3	9.1
1991	11	4	0
1991	11	5	2.5
1991	11	6	0
1991	11	7	1.1
1991	11	8	2
1991	11	9	0
1991	11	10	0
1991	11	11	11
1991	11	12	0
1991	11	13	9.1
1991	11	14	0
1991	11	15	0
1991	11	16	0
1991	11	17	0
1991	11	18	0
1991	11	19	0.6
1991	11	20	0
1991	11	21	2.7
1991	11	22	0.6
1991	11	23	0
1991	11	24	0
1991	11	25	0
1991	11	26	0
1991	11	27	0
1991	11	28	0
1991	11	29	0
1991	11	30	0
1991	12	1	0
1991	12	2	0
1991	12	3	0
1991	12	4	0
1991	12	5	0.5
1991	12	6	0.4
1991	12	7	1.2
1991	12	8	0
1991	12	9	0
1991	12	10	0
1991	12	11	0
1991	12	12	0
1991	12	13	5.6
1991	12	14	1.7
1991	12	15	2.6
1991	12	16	0
1991	12	17	4.7
1991	12	18	1.2
1991	12	19	3.5
1991	12	20	2
1991	12	21	0
1991	12	22	2.6
1991	12	23	0.4
1991	12	24	0
1991	12	25	6.2
1991	12	26	4.5
1991	12	27	0
1991	12	28	0
1991	12	29	0
1991	12	30	0
1991	12	31	0
